270.515333333 178.689 121.0328 80.3723333333 51.196347032 31.047
3462.28333333 2278.6635 1549.866 1039.82766667 671.092465753 415.26075
1160.68933333 757.632 509.5912 333.978333333 210.434360731 126.48025
1556.11266667 1035.673 707.0916 470.874 303.67617689 185.68925
2181.31466667 1439.9035 972.2656 643.551 409.447203196 246.934348477
828.086 539.9115 365.412 241.085333333 152.779965753 92.4581772784
553.044 367.1195 250.9228 166.724 106.326484018 65.1619190405
2681.692 1762.9615 1193.916 791.530333333 506.217751142 308.057428215
634.396 411.3235 274.4548 178.326666667 111.769977169 65.8815592204
2129.29333333 1412.916 963.5688 643.786 415.965468037 256.234
1080.37466667 713.86 482.7988 319.465666667 202.416952055 123.1625
2802.52466667 1834.0625 1242.344 819.079 523.320776256 316.00975
1653.83533333 1088.0505 739.4604 491.471666667 315.954623288 193.735
993.282666667 645.64 436.6944 288.74 183.904394977 111.628121878
956.560666667 632.471 428.5876 281.198666667 178.235159817 108.133832709
807.534666667 538.51 369.5548 246.790666667 160.175228311 98.6197253433
1490.80333333 964.4025 652.0208 428.712333333 269.904598686 163.293676581
1335.11333333 862.58 579.662 379.206 238.043378995 142.8305
1900.34 1257.0975 851.6428 565.466 361.605022831 220.638611389
909.084666667 599.4895 408.0848 271.234 173.89640411 105.967
1585.83466667 1033.6605 702.0368 468.417333333 300.251141553 183.994759171
743.638 491.964 336.34 223.857 143.59303653 87.442
1155.36066667 742.8275 500.4408 326.878666667 208.010559361 125.597204891
452.882666667 298.8055 202.0824 133.116 84.7109018265 51.15275
1333.42066667 884.472 604.1312 401.818 258.920136908 158.8325
3385.48066667 2234.2675 1512.4848 1006.27566667 646.882420091 395.647764177
606.891333333 399.1915 270.5724 180.581666667 115.054509132 70.158
1000.978 660.526 448.458 295.937333333 188.320490868 113.41008991
1358.13066667 889.611 599.262 395.485151818 252.001716738 152.542
828.048 546.9895 374.2316 249.434666667 161.751714286 98.891
545.991333333 359.451 244.3524 161.947666667 104.082762557 63.5796050987
1422.06933333 946.494 646.8368 433.244 278.131849315 171.249625187
1687.43066667 1110.798 751.1816 499.108333333 320.199600798 195.462191165
2402.194 1566.665 1060.4944 696.021333333 440.938926941 267.034474144
1747.50666667 1133.8965 765.8252 505.919666667 320.195490868 195.0185
2741.28866667 1808.39 1240.0412 823.262 530.076703735 325.7325
1405.732 930.2815 629.4512 416.215333333 266.0168379 160.492253873
2276.84266667 1491.47871808 1008.0828 667.117 425.871933828 258.126123876
675.993333333 439.462805791 294.3584 194.341333333 123.027373824 74.23675
2563.99733511 1682.8605 1139.3784 753.652666667 482.521154946 294.94775
1316.77133333 874.5245 592.3136 393.066333333 251.404680365 152.178116413
268.945333333 178.1965 121.4816 80.9896666667 51.9340753425 31.4703972021
1347.206 896.0005 610.5744 409.257666667 262.216324201 161.05791313
1444.64733333 944.152 638.9472 422.295333333 267.693207763 162.079420579
2492.36733333 1649.9255 1126.4476 746.327333333 479.186929224 292.119
1402.52533333 926.4085 634.4648 423.537 271.859874429 166.91775
1027.208 680.64 459.1624 303.708 193.218607306 116.27025
2337.336 1545.1815 1037.928 686.925666667 436.400912461 263.76048951
1597.134 1052.5685 712.3728 470.246666667 298.167237443 179.656593407
1922.482 1266.264 863.5064 574.501 367.879280822 224.85275
1285.08333333 841.5295 569.3656 377.689666667 240.418093607 146.80414689
2720.4 1799.103 1222.122 811.632666667 519.626176219 316.933050212
709.854 467.9525 317.9216 210.488 134.353310502 81.5912609238
1125.27266667 733.646 498.6616 332.672333333 212.962614155 130.62125
2614.478 1714.7335 1166.9968 774.415666667 497.15239726 303.234265734
1332.792 888.2345 602.1804 403.390666667 258.380993151 158.272341488
604.472666667 401.926 275.2904 184.414 118.458 72.67275
2115.68 1386.1005 936.582 622.354 398.415810502 242.982530571
869.113333333 578.064 395.586 264.499666667 170.202625571 103.701272773
3188.03666667 2099.4215 1430.8784 955.061666667 614.928938356 376.920019995
1273.11466667 844.441 572.8992 381.577333333 244.114571429 148.242128936
375.974666667 249.383 168.6424 111.866333333 71.1563926941 43.375
533.598666667 348.465 235.384861834 154.836666667 98.404109589 58.9707792208
1543.32466667 1028.9295 701.8744 468.073 302.036815068 185.5555
2676.682 1749.2945 1184.3492 780.838333333 497.966324201 300.55375
303.542666667 201.833 136.3404 90.7926666667 58.0273972603 35.2257742258
2631.948 1747.0035 1192.5032 798.341 513.351598174 316.092088845
994.793333333 659.2965 449.4192 298.184666667 192.267123288 116.673826174
1419.438 927.91 624.838 411.819 261.673230594 157.511622094
1539.34933333 1005.0245 677.2884 448.272666667 284.270547945 172.568181818
988.521333333 635.055 426.5036 279.538333333 175.313926941 105.1775
985.436 651.716 444.7844 296.538666667 189.340468037 115.894
978.584666667 634.8105 425.5292 281.012666667 178.422374429 107.609238452
2995.48733333 1975.296 1340.4136 892.925333333 575.760844749 353.047452547
1831.886 1201.8165 817.0468 538.821666667 342.474885845 206.7765
2567.872 1692.671 1153.8328 771.304666667 497.417808219 304.85710717
1459.424 944.0185 635.356 416.342 263.491152968 158.930371849
982.085333333 654.099 446.59 300.227 193.885559361 119.570821884
2904.71933333 1917.138 1304.2832 874.735 566.070756063 348.341487768
1937.92866667 1283.095 868.9288 572.659 363.087043379 219.884615385
2754.14333333 1823.645 1245.9168 833.410333333 538.49086758 331.176323676
913.36 597.947 404.7352 265.666333333 169.364726027 102.3015992
1547.73066667 1021.4915 696.2576 464.047714381 297.900399543 181.8525
957.523333333 627.045 423.5504 279.569333333 177.938926941 107.721778222
1311.57066667 864.7885 588.6488 391.261 250.245148402 153.03975
1528.516 991.8855 666.9508 435.120333333 274.408675799 165.735882059
1570.42733333 1032.9565 701.4708 462.881333333 294.758847032 177.857428215
786.924666667 521.118 351.8292 232.860666667 148.246289954 89.2112887113
1008.928 664.878 450.0216 298.519 189.489726027 114.6485
1532.82533333 1012.7145 685.8372 454.215333333 287.995148402 174.201099176
1338.33266667 886.1705 604.6012 400.799333333 256.64326484 157.264419476
1909.26 1262.17932068 860.31412565 568.567333333 363.77597032 221.376467649
2428.8 1611.7965 1099.4456 730.413333333 472.739155251 288.596701649
1421.482 937.6855 639.6024 428.2 273.494577626 168.06018981
3079.184 2035.6185 1386.5576 924.013666667 589.215182648 363.102647353
1938.97466667 1272.8035 862.6656 570.690666667 363.171803653 221.6075
1245.18533333 804.849 541.3256 356.192666667 226.457762557 137.227
1144.28666667 754.63 511.1148 338.785 216.157248858 131.68015992
1353.08666667 879.8255 595.6216 394.365 252.22260274 154.777972028
1814.35066667 1189.1155 804.8476 532.355666667 340.004280822 206.087706147
3623.80133333 2390.795 1626.1316 1083.23533333 698.793664384 432.552
841.426 550.1355 369.1708 244.445 155.360159817 93.60275
1449.34333333 945.83 637.4776 421.686666667 269.060502283 163.22825
1954.754 1291.986 880.8956 587.548333333 379.088184932 232.39175
699.958666667 463.232 315.58 208.036 133.91609589 81.5645
756.163333333 504.787 344.1752 229.100666667 147.607305936 90.3375
2137.328 1396.751 943.1092 623.457333333 396.953767123 241.2385
456.494666667 301.8705 205.186 136.388203932 86.8778538813 52.7945
1550.042 1012.066 682.1604 449.672 284.649828767 171.95775
1030.08733333 674.0475 454.6872 299.052666667 189.456465886 113.84975
871.839333333 561.1245 374.7168 245.054333333 154.601598174 93.20225
2069.02333333 1357.524 917.918 606.065934066 384.821061644 232.387
1655.684 1099.556 747.3376 502.383 324.54423516 199.53375
1312.208 862.616 582.864 388.422333333 249.107305936 151.6045
1121.23733333 744.825 502.5836 332.042666667 211.934608795 128.5715
582.492666667 386.3475 260.9612 172.825840826 110.24543379 66.62325
2130.10333333 1402.5045 949.9712 632.556 403.654394977 246.358
1219.96266667 807.1705 547.1916 363.069666667 232.049086758 141.164
2718.92133333 1796.8655 1220.4476 811.910333333 519.852454338 318.0675
599.067333333 395.985 270.1036 178.71 114.777682648 69.89875
1086.61866667 713.996 485.2128 321.752333333 205.636986301 125.15275
1992.72266667 1316.357 892.4604 589.080333333 377.961209355 228.8665
1133.75333333 737.736 495.5512 323.045333333 204.172945205 123.01175
2918.13333333 1937.792 1311.4556 875.46835443 562.435787671 346.15505618
2019.12666667 1322.461 901.5664 599.613333333 385.244006849 235.846
556.997333333 369.687 253.0136 169.108666667 109.546803653 67.635
1861.962 1228.27313657 833.2652 554.884448884 354.893550228 217.4655
1403.65533333 924.4205 625.3204 412.541 262.07163242 158.849188514
1917.96466667 1263.8345 851.037155414 559.837 356.721049629 215.692
1296.99866667 850.4025 576.1156 382.638 245.002853881 150.6705
689.864666667 452.081 303.8508 199.308333333 125.78053653 75.91125
1295.72866667 854.148 577.728 384.513 246.127283105 150.448
1203.86933333 797.839 542.834 358.694 230.093607306 139.855391544
2449.03866667 1617.11 1104.892 735.849 472.236737022 290.02325
2151.73533333 1420.153 961.7424 641.747666667 409.381346264 249.67575
746.662 495.2295 338.2244 223.901 143.531678082 87.32575
838.664 546.976 370.9756 244.848666667 155.334474886 93.911
1103.30133333 727.102 490.5704 322.355333333 205.109874429 123.981513865
916.665333333 605.4945 412.438 272.426333333 174.670091324 105.73125
1424.03 918.5955 623.004 412.724333333 263.993156544 160.879930105
696.494 462.878 315.2244 210.205333333 134.091324201 81.74275
963.117333333 641.4475 438.8064 291.960333333 187.525684932 115.19325
1361.93933333 891.8485 600.2516 395.697333333 251.439942939 150.70125
1555.84333333 1032.18 703.9156 466.033666667 298.597317352 181.45325
2049.872 1342.7215 909.0132 602.501 386.727739726 234.525
692.211333333 462.274 316.3456 211.788403865 136.117294521 83.8815
879.315333333 583.738 400.974 266.310333333 172.274257991 105.40775
808.444666667 535.475 366.3576 244.209333333 156.642979452 95.65175
1152.05266667 752.045 510.6968 337.355 215.020250998 131.4575
875.441333333 578.913 392.5096 258.386 163.965182648 99.0085
507.191333333 337.1435 228.66 151.988333333 96.8404680365 59.05775
1837.35133333 1214.6215 832.772 554.633033633 355.948630137 218.01425
2655.98 1741.8665 1183.7668 781.927666667 502.517408676 305.02425
913.534 599.1345 404.7088 266.409333333 169.530821918 102.225911133
1317.248 867.243 587.7204 390.041333333 249.925513699 153.038951311
1757.13066667 1153.3025 778.6184 512.027666667 326.220953468 196.904
1123.30133333 745.203 502.848 332.161333333 212.279109589 128.41325
2299.09 1523.282 1041.2096 689.828837829 444.376712329 271.74037981
958.268 627.376 424.3636 279.902 178.767694064 107.67825
1720.93533333 1143.066 779.5916 518.507 334.178703968 204.530969031
1412.414 927.544 626.8456 413.622333333 263.234169994 158.986
990.232 657.0005 449.9228 301.591 194.641267123 120.57525
778.931333333 512.138 344.584 226.861333333 144.472285714 87.4615
1364.292 902.6155 614.9648 410.721333333 263.460901826 162.342
1281.50266667 843.578 577.4448 383.768666667 247.707191781 151.28725
1010.30466667 656.9855 442.2208 294.624333333 188.311643836 113.7425
1676.61533333 1105.3935 748.4352 495.491333333 315.174942922 191.28275
1303.01666667 858.7695 580.6304 383.277 243.191210046 146.815434565
1785.30133333 1183.819 813.4892 543.672333333 350.48630137 215.726092385
616.805333333 402.738 271.822 179.736 113.764840183 68.62
1492.05933333 984.9855 667.8776 445.498333333 283.139554795 171.574032459
3093.752 2046.36 1397.458 932.125333333 601.982020548 370.012743628
1766.34333333 1163.619 789.468 523.139666667 335.375856164 204.3855
1686.47666667 1096.7095 739.6272 491.000333333 312.795376712 189.765
1554.684 1012.7745 681.3208 446.637 283.152111872 169.878780305
2031.40266667 1342.6985 918.2152 610.789666667 392.592751142 240.05375
1146.406 760.4035 517.32 341.968 218.65696347 132.8205
960.242 629.9515 428.642 284.257333333 183.378139269 111.387209593
1053.50266667 697.209 470.808 310.509333333 197.614726027 119.72575
2550.87866667 1690.0935 1146.2704 761.598333333 486.918332381 296.574
3208.776 2121.845 1448.4116 963.765865063 621.555079909 383.07
2760.99133333 1824.5495 1228.682 815.814419226 521.52597032 318.05125
1695.672 1125.146 767.3376 511.051 330.132705479 201.66675
2721.284 1808.2195 1223.7944 816.816394535 523.501997717 319.773363318
616.661333333 404.0905 274.08329996 182.558380729 116.423515982 70.743
1793.20666667 1180.4265 800.64597517 530.811811812 341.889745787 207.458656008
1596.24866667 1061.841 723.2432 480.184666667 309.651255708 189.566824881
2410.76133333 1583.646 1080.2316 712.016666667 456.642694064 277.334332085
929.744 618.6625 419.0928 277.762 177.585616438 108.3705
1389.04066667 905.982 615.6408 405.69586942 261.244717304 158.671075618
1937.87066667 1272.263 864.6776 574.322 368.831050228 224.66225
2723.16933333 1786.6615 1210.04676259 803.286666667 514.83029093 314.33875
1307.448 864.704 586.5384 389.046666667 250.619292237 152.321508868
904.627333333 603.335 410.4972 273.645 175.740582192 107.586913087
2152.37066667 1402.2965 942.048780488 620.664333333 394.811643836 239.35675
1722.18533333 1138.6195 767.4352 508.451 324.376141553 197.454659006
1414.35133333 919.8325 622.6564 412.815333333 263.353881279 160.420684487
878.623333333 583.626 398.052 265.172 170.747716895 104.7175
992.157333333 642.356 432.5308 282.629 178.815068493 107.19825
1573.382 1041.655 709.8216 473.887 303.630993151 185.553473263
1814.12933333 1196.69315342 805.7272 532.866333333 339.398687215 204.6805
1982.41466667 1300.9385 882.2756 583.193333333 370.820776256 226.183724413
2426.55466667 1593.261 1082.1792 716.588 457.691780822 277.932334582
953.624 630.065 428.1168 282.647333333 180.595034247 110.207094679
1145.97533333 755.5525 511.8944 339.366966367 215.708333333 130.89475
1960.608 1297.079 884.7072 591.571 380.796518265 233.7815
1985.37666667 1302.879 879.732 577.977 365.537496436 221.094476381
1797.37533333 1186.0685 805.819672131 537.465333333 344.158390411 210.124563155
1091.00466667 711.4375 478.3952 313.543666667 199.052796804 120.007736461
2950.31845436 1959.905 1337.6692 893.878333333 577.838755708 355.7905
814.326666667 538.976 366.8496 243.543877211 155.204052511 94.722027972
1643.088 1083.5715 737.8664 489.738 312.886130137 190.490014978
1178.216 762.712 515.1752 339.036666667 216.494863014 130.0725
1773.922 1166.331 786.9424 520.041333333 330.710901826 200.297978538
1756.85533333 1165.319 792.0428 521.964666667 334.174 203.10536829
862.744666667 564.643678161 382.5424 252.505666667 160.356164384 97.4665
778.69 516.4705 352.7912 235.045 151.170947489 92.6105
1654.51066667 1092.9255 743.3768 495.251333333 316.841324201 193.46325
697.374666667 459.689 309.7696 204.745 130.91923516 79.2395
2399.20133333 1592.0255 1079.7408 711.260333333 454.868436073 277.760739261
1475.34666667 969.048 655.7912 434.865 277.714326484 168.103396603
1074.884 710.567 482.978 319.628333333 204.654 123.924037981
2264.964 1494.93056943 1010.2688 669.702666667 426.5625 258.654586353
1145.41 753.183 511.5716 339.326 215.974315068 131.679910045
1680.77333333 1119.9345 764.8168 508.836666667 328.021974886 202.09965035
1073.964 710.1245 481.22 316.350333333 200.636415525 121.814185814
800.503333333 528.403 359.348 238.063666667 151.746575342 92.2843578211
1288.172 839.7445 566.708 374.791 237.886700913 144.33975
1074.87266667 699.4255 474.5628 313.795 200.360114778 121.581209395
2178.06533333 1431.0085 973.7292 645.414666667 414.53493014 253.255622189
979.084 653.462 446.8696 298.421333333 192.464326484 117.963055417
1418.03 933.9315 629.8664 416.290666667 263.802226027 159.905547226
1190.278 785.2665 536.2772 355.1 227.522260274 139.547839121
1229.88333333 808.8975 548.958 363.691 232.280571429 140.51925
1369.902 909.9785 622.0732 413.304231923 265.992840779 162.686798103
1165.18 768.8415 520.7136 342.939333333 219.16091954 132.892634207
1618.514 1066.1005 724.5912 477.805 306.332191781 184.974762619
1401.162 928.4845 630.036755893 420.122666667 270.091116824 164.600449214
1272.642 837.664 564.2484 371.452333333 236.890955924 143.286713287
1247.43733333 826.0715 564.4556 377.721666667 242.181221461 148.276361819
1598.68266667 1051.1215 712.3084 469.125333333 298.854166667 181.092837534
1597.85733333 1056.293 721.48 481.134666667 308.591901206 188.56025
2352.068 1557.082 1052.6968 698.762 446.225328009 270.667582418
1383.17333333 919.9815 627.5444 420.808 271.438356164 166.611
1400.82933333 926.52 630.3152 419.49 270.21033105 166.177955511
1696.49133333 1115.68 754.3128 502.808794137 321.650519031 197.155
1698.22666667 1115.464 760.3216 504.787666667 323.025114155 196.919850187
576.51 381.708 259.0768 172.542333333 109.984190859 66.6218172741
991.336 653.1715 444.194 295.309 189.200627854 115.266916355
1248.38666667 820.7295 557.184178985 371.47050983 238.677226027 146.048664837
1910.10666667 1260.312 858.6948 572.01 365.137557078 223.526328924
2090.64133333 1389.9935 943.2576 625.690333333 399.652968037 245.00925
815.809333333 539.589 366.266 242.564478507 155.325342466 94.6015
2233.01533333 1458.3705 989.4208 657.511 419.810216895 255.535063639
1602.90666667 1053.6185 717.6488 475.199333333 304.183504566 185.070127277
2065.63933333 1359.643 921.376 614.533333333 393.398116438 240.787356322
