0.0171081328479 0.0221192786423 0.0226508968211 0.020887935293 0.0303363618986 0.00728210243038
0.0234570515571 0.0256340310234 0.027389884739 0.0296293972816 0.0282364936387 0.0247478743411
0.0113956979137 0.0130233209109 0.00941579842559 0.00910328490993 0.0114962137064 0.0158298724157
0.00395643550771 0.00484041643488 0.00695136977046 0.0106316743229 0.0176142185347 0.0311222195004
0.0271174643878 0.034927438556 0.0404101418875 0.044024477122 0.0465766683889 0.0455531194186
0.0154840042008 0.0173619606277 0.0165056883597 0.0149938119827 0.0139511943238 0.00950221500551
0.0213026259265 0.0254311105161 0.0272136699295 0.0279497488543 0.0268046515789 0.0197493891303
0.0202489803051 0.0233935118518 0.0251589936072 0.0265460048883 0.0257607688087 0.0226913281931
0.0109909293965 0.0147941193341 0.0131975758253 0.015256691516 0.0112380168308 0.0148195540979
0.0309919983313 0.0366700099384 0.0393898890783 0.0431292531408 0.0460670162554 0.0428849874822
0.0275078734474 0.0334163712956 0.0378857018535 0.0405702481582 0.0417807039095 0.0393029661224
0.0200508136881 0.024783668557 0.0267357593656 0.0277812930269 0.0273607722463 0.0237364679426
0.0185744231347 0.0215212405455 0.0213432231762 0.0186157907967 0.0161143762744 0.0112284940882
0.0159755596662 0.0175453644254 0.017969229786 0.0158003787915 0.0120741223567 0.0115434189187
0.0245981021044 0.0326078942411 0.0339543764949 0.0376320969805 0.0369875886228 0.0324921530454
0.0310008305772 0.0348901755026 0.038240567046 0.0393783490881 0.0386310059454 0.0299964011823
0.0179444865479 0.022309793995 0.0235259512634 0.0226462119492 0.021660961264 0.0175848305683
0.0130978181084 0.0157910583566 0.0167160482319 0.0146261547273 0.0158947280258 0.0139924722581
0.0247028517686 0.0304700644644 0.0328446254074 0.0352158401464 0.0351665092276 0.0320014755739
0.0224410723591 0.0253683377558 0.0256553224896 0.0257445431584 0.0221498499463 0.0232921706186
0.0227589926942 0.0260769584513 0.027021461147 0.0273955143035 0.0257029572713 0.0223677681986
0.0218274996149 0.0272636603725 0.0289709785611 0.0305583992104 0.0283723312585 0.0268293378117
0.014986287547 0.0169733653363 0.0173896532466 0.0158083709069 0.0128250507742 0.0117003997252
0.0121143982383 0.0127632447928 0.0142115662503 0.0200141313777 0.00889833557239 0.0163214805669
0.0352712473074 0.0412304144724 0.0473206215723 0.0506051878808 0.0532790698911 0.0521801151376
0.0228135354327 0.0265318936588 0.0292797032496 0.0307911230112 0.0307974798441 0.0297455300953
0.0285383003437 0.033887045716 0.0348601543326 0.039618279163 0.0340308105886 0.0281783768909
0.0268874369938 0.0350015035997 0.0382249013586 0.0431121155161 0.0413203380985 0.0391924035412
0.0175809812258 0.0204734804384 0.0218551169321 0.0217316714698 0.0185983385974 0.0128830748201
0.0245754848671 0.0282699722752 0.0295559920356 0.0288162172785 0.0270672534965 0.0237727175334
0.0170983368521 0.0186173855468 0.0178714937521 0.0177281670367 0.0149815670751 0.0101710201311
0.0336807704277 0.0399261541231 0.0461790658345 0.0495930282197 0.0499582061017 0.0475386458157
0.0205699958607 0.0229310552766 0.023227760529 0.023380282536 0.0223964270435 0.0159941092498
0.0190287359249 0.0245616706791 0.026819878495 0.0284896022178 0.0279849070516 0.0254472538311
0.0196476900127 0.0222941641141 0.0239345663413 0.0250759091543 0.0235087456097 0.0192766826722
0.0316244331687 0.0394945736729 0.0448776019661 0.0490634588264 0.0527381440855 0.0541700629388
0.0308210752091 0.0398360016733 0.0455197952557 0.0498853812521 0.0518870599351 0.0517554522849
0.0184900541029 0.0203260812094 0.0220069348713 0.0214404303331 0.0195527328022 0.0147325319451
0.0121167643417 0.0122137504109 0.00616020364622 0.0139640729026 0.0125953298789 0.0204098839542
0.0201523806135 0.0229722519202 0.0242562625837 0.0244020407323 0.0223136635926 0.0189602846705
0.0225253007641 0.0263366994253 0.027764053901 0.0267599576925 0.0259768349345 0.0203131605391
0.0182288496907 0.0236339376717 0.0208993172898 0.0150822000042 0.016383666769 0.0
0.0269106134904 0.0308991580809 0.0320024146779 0.0333677905812 0.032792364876 0.0260563044649
0.0205676771238 0.024720085708 0.0261163684619 0.0258675939056 0.0253158493315 0.0207736998677
0.0264960131006 0.0328125253029 0.0372319372179 0.0388409370313 0.0398407380238 0.039018392271
0.0266975434601 0.0304448817214 0.0328438913037 0.0328769147884 0.0318543567503 0.027080014237
0.0247621903847 0.0330351638668 0.0371896845485 0.039877090081 0.0393931131269 0.0396144207084
0.0207945039477 0.0261100730011 0.0274227672203 0.0298484774401 0.0291388368629 0.0245025403442
0.0274317491162 0.0364233642394 0.0412210623329 0.0472898973911 0.0481227440357 0.0496967931562
0.0234451294861 0.0268479400868 0.0275307762262 0.0287268141415 0.0282825575793 0.0228269629578
0.0214236473964 0.0252687957252 0.0260277024061 0.0252792380146 0.0235874837056 0.021188990199
0.0292852241086 0.0352764921125 0.0407529487289 0.0452478311144 0.0476871052626 0.0483624357892
0.0190824523281 0.0248002835268 0.0273207147453 0.0251741675188 0.0268406386005 0.0228913609153
0.0205621186876 0.021792588128 0.0221173343365 0.0207661210809 0.0188447703113 0.0122404277993
0.0208677706955 0.0240187894685 0.0260924415644 0.0269816769633 0.0270391538448 0.0232590050305
0.0278368392751 0.0319714375521 0.0350490931071 0.0361289996598 0.037446712351 0.0344812878476
0.0290676084618 0.0334379868944 0.037205516343 0.0392782286725 0.0359815359065 0.0305042693258
0.0197457769739 0.0227756828871 0.0236678205996 0.0233592364165 0.0227564942323 0.0185788009844
0.0275315490754 0.032646386656 0.0371201637622 0.03838339735 0.0365954168765 0.0324174156183
0.0259953830244 0.0304560782997 0.0336090234121 0.036940121807 0.0376743551681 0.0367527108571
0.0306829398533 0.0379563901837 0.0429419643078 0.0465934749772 0.0482069983623 0.0444966072774
0.0260747837522 0.030985549823 0.029868826778 0.0280758559372 0.0308948991103 0.0161274156502
0.00948814439722 0.0117710223934 0.0129446005754 0.00940993352163 0.0139323922631 0.0174930640424
0.0303600165846 0.0363387049596 0.0402923109089 0.0421102090245 0.0432370129228 0.0404961001401
0.0178803651827 0.0218731033024 0.0231456125371 0.0239261949097 0.0219596715903 0.0162042726762
0.0171318436491 0.0190990536629 0.0174501370704 0.0171024723113 0.024637272988 0.0
0.0355103479257 0.0427671085459 0.0484804221947 0.0544432445731 0.0587997796958 0.0621638290391
0.0287185749987 0.0344026519296 0.0390839111723 0.0395289119399 0.0393029614481 0.0372988546772
0.0162156492179 0.0184647776885 0.0190524494598 0.0173347160244 0.0154388344537 0.0123758613765
0.0176584277837 0.0198456134866 0.0208088952268 0.0213348176118 0.0175852815673 0.0153110131495
0.0130302345359 0.0141632223018 0.0146834658852 0.0130638536456 0.0104355638415 0.0148477268978
0.0302467521432 0.0360810895179 0.0382217125782 0.0414515899171 0.0430614847223 0.0384228452344
0.0146775029722 0.0168603874107 0.0161617445111 0.0162895582064 0.0141712242744 0.0124927718867
0.0202868831245 0.0215754294662 0.0235126354446 0.0227751807255 0.0215904826915 0.0169693851042
0.0216802409113 0.0274711826312 0.0297750594675 0.0308929679585 0.0289072323811 0.0272440668041
0.0230185690574 0.0261827211172 0.0281097948178 0.0299983592152 0.0277488120777 0.0250501168388
0.0155056612267 0.0192394108303 0.0207300039853 0.0202389387267 0.0185950407192 0.0153436180909
0.0319935467617 0.0381650889373 0.0403538194196 0.0430025231834 0.0429861859845 0.0407303789318
0.0280281269556 0.0325365519612 0.0356513037927 0.0385086419641 0.0388166164644 0.0382425344007
0.0269464283345 0.0352161228819 0.0411811812691 0.0447108895018 0.0474689090179 0.0464856097041
0.0287764580643 0.0338752925484 0.0389875209823 0.0415038285355 0.042665525967 0.0412134209878
0.0174186752562 0.0191621457813 0.0208651612767 0.0198618971454 0.0193051729753 0.0132385754747
0.0250088265799 0.028054112822 0.0312918401111 0.032042707885 0.0303531158209 0.0257836003502
0.017732517475 0.0201800537908 0.0213585725568 0.0185692784993 0.0145241443561 0.0126830294927
0.02099100692 0.0225024198192 0.0227549599453 0.0225140817287 0.0185735795389 0.00721192676589
0.0163121567257 0.0197634985567 0.0214245187339 0.0212257603889 0.0213339201734 0.0176038779384
0.0226087422731 0.0286439279014 0.032607391277 0.0347584212281 0.0358782470264 0.0309477183174
0.022661401876 0.0292307611555 0.0322173803147 0.0322542126691 0.0306388794716 0.0249890825682
0.0205455835016 0.0233198364904 0.025264767328 0.0253842898317 0.0232936993945 0.0176921436462
0.0279887381036 0.0341773058955 0.0392227286656 0.0434013609843 0.0442889506244 0.0420683047187
0.0295009082276 0.036734948342 0.0398584878776 0.0431341228678 0.0441281601755 0.0429221252242
0.0315483120484 0.040747535854 0.0447818428391 0.0509663569155 0.0543829919352 0.0563919516965
0.0319911557104 0.0384632493482 0.0431150943507 0.0462615790425 0.0507041014079 0.0504807273806
0.0257065735111 0.030770299667 0.0336143040526 0.0348776351747 0.034118159354 0.0288525906452
0.0278598939236 0.0344639168312 0.0393194815206 0.0440653647079 0.0463584305104 0.0468371388751
0.0180742253578 0.0200586385561 0.0200630134634 0.0187528255069 0.0160433824057 0.00892161496693
0.0180006997921 0.0198846185511 0.0210517767034 0.02093145757 0.0177906293762 0.0124446145049
0.0211663937485 0.0260178431688 0.0285836810551 0.0296366919524 0.0262149065108 0.0234852909114
0.0199298391736 0.0220339592026 0.0221314557254 0.0202741333104 0.0186871215465 0.0143707672763
0.0195178765297 0.0224371516001 0.0238663718338 0.0232129425137 0.020946037379 0.0157874512258
0.0205371606815 0.0238648911187 0.0256011952552 0.0271349893274 0.0271425689624 0.0232798963444
0.0168662390769 0.0178473589662 0.0169117385339 0.0135342426157 0.0115007488494 0.0154790442844
0.0171450732471 0.0211665184594 0.0203455482978 0.0195865923803 0.0167168622324 0.0136542654352
0.0271891325117 0.0312892748514 0.0350813151698 0.0373499798701 0.0363039928733 0.0308595276867
0.0252189571825 0.0285624831086 0.0316621823568 0.0319444427036 0.0300014655836 0.0201973833413
0.0228961187547 0.0255481495711 0.027038818903 0.0263527711444 0.0251293006353 0.0176888404638
0.0194183121897 0.022565343688 0.0246799066773 0.0247103394081 0.0235734919642 0.020629836049
0.0154309340927 0.0203648275399 0.0199228108023 0.0235862759189 0.0159975404795 0.0218453315612
0.018129575786 0.0218933079857 0.0225295202096 0.0214667914194 0.019281282833 0.0169724763803
0.0179479523902 0.0211566307141 0.0231116277174 0.0214996363206 0.02100330689 0.0192883989446
0.0107892463313 0.0139802999272 0.0128630642553 0.00966049613547 0.00671221404593 0.0155820098424
0.0196132654835 0.0242094420647 0.0267292959829 0.0273403356723 0.0266626020435 0.0233516974797
0.0301531691441 0.0352467739922 0.038917692033 0.041939099826 0.0408152702715 0.0384784258372
0.0219798289698 0.0245761150198 0.025280975134 0.0266228742748 0.0235661712373 0.0213469607177
0.0236933379001 0.0298590962618 0.0333782049706 0.0335614687298 0.0346641470799 0.0281126806826
0.0217725025996 0.02727601334 0.0293294101897 0.0312151821759 0.0306689968996 0.0243141467
0.024110393703 0.0287151517336 0.0304896460161 0.0327844981652 0.0312816972704 0.0287029966608
0.0231910412386 0.0271660287877 0.0293178939 0.0301243020763 0.0281789686554 0.0231072726926
0.0235261366616 0.0284421001931 0.0309251942321 0.0331435535549 0.0332722617904 0.0312951124612
0.0189892534785 0.0229274394401 0.0211523044752 0.0216766421734 0.0188453148589 0.0162137439953
0.020489360183 0.0241827653811 0.0236027884877 0.0217232210557 0.0196897205285 0.0144423556677
0.0294304032909 0.0367027064645 0.0417983754995 0.0465164770342 0.0474707006761 0.0461114789579
0.0146935208925 0.0171514705168 0.0173915457443 0.0180481474873 0.0154239230426 0.0100777906162
0.0253548941898 0.0285453144822 0.0309714756696 0.0328614584613 0.0333946756831 0.0297455783636
0.0234862676 0.0276053020266 0.0292875478147 0.0310980032686 0.0298616138017 0.0282577947569
0.0212161623803 0.0233600286174 0.0259575496693 0.0227410712948 0.0224764594878 0.0174238975407
0.0242787646764 0.0289173329579 0.0315707801523 0.032156798083 0.0320645161633 0.0293740664849
0.0222354359001 0.0259123283206 0.0283825238493 0.0293116869104 0.026979346562 0.0250148566072
0.0181710785175 0.0215942070851 0.0237176115462 0.0226650253942 0.0219613159912 0.0168044055289
0.0191363658692 0.0214082579545 0.0214219122313 0.0193312026549 0.0166584938131 0.0149126918447
0.0138326636384 0.0150216405045 0.0163560310216 0.0124180737287 0.013133815429 0.0145604727822
0.0238248272971 0.0266493771521 0.0303389293807 0.0295501944098 0.03077206457 0.0250048515031
0.0293286992053 0.0353256745962 0.0403220789746 0.0427785259318 0.044728770433 0.0375923299543
0.0353359331993 0.041862251748 0.0470199756675 0.053092134198 0.0584804346201 0.060723405039
0.0204503905745 0.0238455908605 0.0242993962806 0.0235678287095 0.0217437867666 0.017107877454
0.0282795506878 0.0342245578052 0.0385836569555 0.0386944505331 0.037636828937 0.0338733337868
0.0165240587993 0.0200629761876 0.0201908403728 0.0168821850823 0.0151542802806 0.0134212892364
0.0184919657091 0.0239220267759 0.0264205447665 0.0256114703068 0.0235779227794 0.0188204936814
0.0228362575583 0.0267763447291 0.0280153461585 0.0292348042264 0.027668686248 0.0212279097153
0.0188501595864 0.0218477823374 0.0196725721512 0.0195492488329 0.0187558029179 0.0146629748615
0.0278627225343 0.0327836409155 0.0374836877639 0.038795450423 0.036354533609 0.0290999804244
0.0304768441216 0.0372214726975 0.0409407059913 0.0424161338053 0.044879632079 0.0421996833794
0.0160106334102 0.0173826653659 0.0184730692634 0.0167936910908 0.0128200296473 0.011019571855
0.0307907917846 0.0371912042288 0.0412951372219 0.0442667796492 0.0466187163982 0.04389897666
0.0211359490356 0.0248920773753 0.0269432339583 0.0272919700737 0.026008592544 0.0207638510815
0.0253115035599 0.0301953833835 0.03346408993 0.0331295359806 0.0301494457149 0.0249514181911
0.0314037353759 0.0392947830462 0.0417438327929 0.0428424130039 0.0419666010342 0.0373459939506
0.0219883744972 0.0261162697708 0.0278963269293 0.0269662056663 0.0263721270138 0.0219171778702
0.0203272957335 0.023337453116 0.0239406381332 0.0236699639648 0.0217480567119 0.0192755637387
0.0195366754915 0.0243502583272 0.0267224719223 0.0279825629424 0.0259469883777 0.0253805049984
0.020550739171 0.0251966861611 0.0249406749559 0.0230163948885 0.0197704398895 0.0160708401482
0.029982234497 0.0345212204009 0.0402491229962 0.0435535584369 0.0454435294092 0.0420262685069
0.0244358247647 0.0313199353298 0.0342195649916 0.0369744168212 0.0384191732438 0.0357393368813
0.0147312046217 0.0174966392488 0.0163064189077 0.015400326164 0.0137635535745 0.014001413068
0.0217519853265 0.0244535250133 0.0253886784938 0.0242228975789 0.0228243728816 0.0194634728187
0.0187080931363 0.0237096816854 0.0253199569425 0.0251686125494 0.0231541052386 0.0187912466232
0.0229408929766 0.0289981046319 0.0325837494056 0.0347274127054 0.0326873822596 0.031210722147
0.0292507700451 0.0341458541938 0.0389806358831 0.0422552684758 0.0442167712049 0.0435880496137
0.0182055862861 0.0230267081344 0.0227293881386 0.0245854616276 0.0232993482396 0.0188614462091
0.0248668142711 0.0275927996151 0.0293816982906 0.0287437983546 0.027601136186 0.0203686717822
0.0198387441844 0.0237811588544 0.0263950595676 0.0252557118802 0.0244321436546 0.0184330961798
0.0274703744957 0.0313743704206 0.0336385256484 0.0354100034063 0.0332433164803 0.0315605818097
0.0152053117558 0.0175988490038 0.0207446593296 0.0190380713865 0.0103915833219 0.0060455198542
0.0264569047617 0.0297506176251 0.0328363655667 0.035247970163 0.0328534098693 0.0314657360939
0.0266296251248 0.0307973523451 0.0332813611913 0.0347950678623 0.0339556327277 0.0308497685626
0.0162641707324 0.0169059939682 0.0185516523275 0.0159006728329 0.0125440269168 0.0159658058764
0.0296377685478 0.0376723672927 0.0429679828553 0.0460440251261 0.048496180799 0.0493195469432
0.0180694115331 0.0220752052955 0.0218819452976 0.0210478367637 0.0179513951771 0.0147894608729
0.0341835772774 0.0416606004377 0.0446117960604 0.050465424266 0.0524371196098 0.0515441122753
0.0145605056651 0.0133667604633 0.0140567285068 0.0153518727617 0.012346235101 0.0161405639877
0.0264758610132 0.0319033544131 0.0346439238724 0.0373214002731 0.0366606314075 0.0355216075347
0.0257792694018 0.0298033286138 0.0333207706011 0.0350954222412 0.0365966291477 0.0336024976707
0.0217265958337 0.0250969353322 0.0248841949794 0.0256901702032 0.0231315469588 0.0169425909011
0.0205858247809 0.0235477939129 0.0241375571284 0.0237443274708 0.0224064787133 0.0191406216738
0.0173997633093 0.0195493349705 0.0192199335268 0.0184241165819 0.0177130545721 0.0140786389461
0.0289258786983 0.034635946281 0.0394924494385 0.0428640313346 0.0456121685902 0.0419178983892
0.0263134267176 0.0329723937471 0.0355551617679 0.0363902688275 0.0357483440457 0.0330337017546
0.0207084173904 0.0241809309377 0.0235449425844 0.0233994151132 0.0214033923743 0.0174574301122
0.0218837460363 0.0264558778173 0.0271669091618 0.0283192057073 0.0261372599981 0.0243313474091
0.0306256846782 0.0383390734607 0.0440762118292 0.0496214332882 0.0532518909402 0.0548418928616
0.0241285858393 0.0260906924531 0.028687911259 0.0294485961771 0.0298733541265 0.0263736288223
0.0215826377864 0.0270416040357 0.0287761121473 0.030234492042 0.029820096602 0.026204501149
0.0324185595751 0.0375332019539 0.041022745365 0.0450457302747 0.0458799345408 0.0441522458624
0.0256928382241 0.0297610727857 0.0325447412731 0.0355014546249 0.0356661113293 0.0324048926075
0.0170572495566 0.0176144587735 0.0148981379923 0.013801687603 0.0113617298446 0.0152013983768
0.0233425637304 0.0270197876317 0.029746110614 0.0312207722655 0.0294260535531 0.0251967672479
0.0316025088209 0.0381529782548 0.041648677822 0.0467961809596 0.04935455888 0.0482861255759
0.0225256907607 0.0263644674025 0.0291309442296 0.0300131029781 0.0283167788969 0.0257141329711
0.0241185848304 0.0279326340164 0.0310998546359 0.0316224446992 0.0298083199495 0.0257455532356
0.021167221954 0.0231203687928 0.023199474424 0.0231495532953 0.0197182434752 0.0138613204608
0.0246748400322 0.0292558098481 0.0324664403838 0.0351291150568 0.0342741006042 0.0302476189618
0.0218221746657 0.0247337254607 0.0272208869441 0.028115498808 0.028151591236 0.0249251708201
0.0242009866133 0.0279144699791 0.0314007509708 0.031750298285 0.0296392949718 0.0236110328086
0.0285948974584 0.0352358806886 0.0382207019034 0.0403497024141 0.0390157214479 0.0365649350772
0.0184037635047 0.0234652866708 0.0250964005815 0.026108440056 0.0256667545002 0.0227020017001
0.0215516783126 0.0241047860247 0.0254944851629 0.0258870148923 0.0232952985043 0.0191883386658
0.0200323576777 0.0231233872817 0.023566079142 0.0230236775588 0.0206911201934 0.0196754057313
0.0249664997801 0.0284901707532 0.0309736181447 0.0307688868601 0.0319232866959 0.0287194988907
0.0150161314855 0.0166015886486 0.0175134460811 0.0157887997828 0.0158099284945 0.0170083594385
0.0324711836569 0.0374301366842 0.0425278751742 0.0460872926676 0.0471757221032 0.0462083195581
0.0215240778986 0.0267078803286 0.0294863608857 0.0313315866927 0.0303347244837 0.0263238916875
0.0215338554723 0.0254388332248 0.0290568966932 0.0289328012372 0.0276872768621 0.0224796749801
0.0196794213591 0.0223719760216 0.0234738959108 0.023448367068 0.0220834585183 0.0164045837399
0.0217564752143 0.0269713269995 0.0298090312779 0.0297726359733 0.0280881352112 0.0235120416492
0.0265890076371 0.0345671999664 0.0378606799574 0.0410727614035 0.0407210309296 0.0372414582547
0.0285453464117 0.032968100394 0.0352163989695 0.0383022044347 0.0383350933151 0.0337976404501
0.0172543142638 0.0228063398659 0.0245991477847 0.0249725290381 0.0225367802453 0.0213006200863
0.0222448807388 0.0259731396513 0.0281773911206 0.0280015742217 0.0260510485427 0.022478879058
0.0160268342978 0.0167835889879 0.0172222057016 0.0168116419443 0.0131176017323 0.0154127299361
0.0289184928535 0.0349793571388 0.0385868907393 0.0415988028142 0.0444285716628 0.04349519497
0.0262749495196 0.0324231318514 0.0349815608634 0.0373993720343 0.0346965779676 0.0305369575849
0.02591805528 0.0304268313445 0.0336035746624 0.0343558477004 0.0322842529235 0.0304616945116
0.0178855301666 0.020313194349 0.0215054698927 0.0208228316505 0.0172175486571 0.0127441877004
0.0209061858554 0.0246707278111 0.0259746504431 0.0264288839506 0.0250570928519 0.0205295598656
0.0273561510935 0.0320393447806 0.0373464183437 0.0403805693413 0.0397160316299 0.0392561064127
0.018139015795 0.0210889797539 0.0228119679825 0.0226168322294 0.0203691408038 0.0217756820562
0.0239893927206 0.0280153675544 0.0292794315812 0.0280711788734 0.0277303006665 0.0163410362026
0.0228688110595 0.0264463849493 0.0276681400375 0.0289610265283 0.0266809159017 0.0219781349785
0.0146215540021 0.0177159279245 0.0191017287229 0.0157746948491 0.0104783255841 0.00442075535784
0.0271523003298 0.0350162445972 0.0402929441927 0.0433474651284 0.0453098017086 0.0439081211176
0.0239088102593 0.028247077692 0.0319276145439 0.0331357707872 0.0309686120865 0.0269502341998
0.023857652084 0.0289234429171 0.0311440717081 0.0322003320458 0.0313303394707 0.0259137045505
0.0247485622888 0.0297289996685 0.0337138395716 0.0358524870756 0.0362424973297 0.0345900435757
0.0217437310025 0.0251892284804 0.0264866063275 0.0277947794872 0.0231734613287 0.0190750481722
0.0313419942919 0.0376715550654 0.0408722836328 0.0456049933304 0.0458417387585 0.0435302935042
0.0206349487208 0.0266489378201 0.0300248567605 0.0301712029545 0.0282945518658 0.0270012887845
0.0239599090109 0.0304007208735 0.0327804021303 0.035235250916 0.033413295717 0.0274578792876
0.0184355726593 0.0209318362857 0.0231461981831 0.0227313519747 0.0196273122986 0.0141295677111
0.0190342086726 0.021094676648 0.0209661632591 0.0204083367908 0.0188317605606 0.014519316324
0.0241814382135 0.0277546875154 0.0309981943286 0.0322316263787 0.0318218287729 0.0277946707188
0.029089202821 0.0341871704757 0.0359784614119 0.0371479806989 0.0373286388154 0.0319025757688
0.0201357205168 0.0244256220986 0.0277319008003 0.0274680228772 0.0255471821859 0.0199986792601
0.0239736665016 0.0285233138719 0.0297363243946 0.0283125674443 0.0263305206496 0.0267948703574
0.0211898715401 0.0259599893029 0.0274999784636 0.0284280984848 0.0264423282689 0.0207416712571
0.0284426791204 0.0328400965786 0.0370826210701 0.0387382872678 0.03842341557 0.0355922928408
0.021068335374 0.0271222369168 0.0293516797656 0.0306585439064 0.0302466067275 0.0237613505896
0.0242851448239 0.0297556791198 0.0322815493341 0.0335823196837 0.0336425516606 0.0284523911787
0.028065073416 0.0323410266767 0.0352381929117 0.0377035008756 0.0361081164479 0.0318584079253
0.0194683628876 0.0231429778428 0.0258049788478 0.0263631725144 0.0226693806597 0.0190335892266
0.0293483917903 0.0333792454933 0.037089480247 0.0378105709357 0.0373660478332 0.0341964463469
0.0224098308605 0.0287460449724 0.031999249282 0.0343548916682 0.0341186431356 0.0312760351914
0.0264778770007 0.0318783428648 0.0346583274973 0.0366607551048 0.0349893248201 0.0314198155603
0.0256438358848 0.0313403519453 0.0349810354425 0.0385405583381 0.0383373210809 0.036662613677
0.0296069240084 0.0356599017384 0.0391070555512 0.0403992349057 0.0427647496544 0.0387465281914
0.025016553702 0.0291898116593 0.0312700085279 0.0311386423824 0.0303093772933 0.0260651996539
0.0210767229938 0.0247989536178 0.0252523515675 0.025014296317 0.0226606070832 0.0178740431001
0.0232075383052 0.0269410961453 0.0292116386632 0.0289880133054 0.0295154360581 0.0251593988375
0.0207337787951 0.0237851527733 0.0231519331198 0.0245297653176 0.0206346021191 0.00571374622107
0.0202096967522 0.0251431598238 0.0260715517796 0.0254654790693 0.023726144608 0.0200554732704
0.0228862081574 0.0276516673471 0.0280145661057 0.029715416207 0.0269130632002 0.0236549978704
0.0294688064692 0.0354269239044 0.0394925044102 0.0435637661587 0.0449109479029 0.0426882084124
0.0313675359738 0.0386741911205 0.0437810415088 0.0485674322294 0.0515209603263 0.0532378249524
0.0197360409591 0.0227783944429 0.0243579144897 0.0241410489179 0.0198997101253 0.0119263884456
0.0205825808242 0.0238523612573 0.0246753828058 0.0258352180162 0.0253455593994 0.0220521914271
0.0223728070656 0.0267777246417 0.0293768374936 0.0294021947996 0.029372685329 0.0246658247563
0.0238651209988 0.0295643157448 0.0320833346741 0.0329089385113 0.0332476462112 0.0290107818147
