5.699104781048250 0.167172536926592 0.252743467116833 0.001979059928163 1.100024098223090
14.999752940820750 0.298893108608868 0.740665144295200 0.260141848074803 0.223975480971034
6.130035120067250 0.105706988431552 0.927633899756857 0.290323337035168 0.385644488912429
6.585531709527725 0.268255624539657 0.949002299970783 0.000000132590522 0.325305958645566
14.853406338171325 0.106545534179219 0.829998431130725 0.054873626676675 0.866099581568814
5.858194264871200 0.298193130309426 0.257245205088782 0.285291570787312 0.814980877825594
11.278012457899425 0.149800819071094 0.212332437903116 0.062835430193328 0.338756165387353
11.017118111899849 0.222325576072866 0.941722037332086 0.255284430750617 1.069479817504410
7.628603218947450 0.119302765177185 0.203077104350888 0.275721755570729 1.040848745793410
14.810714269806475 0.272342194585958 0.509655019119366 0.090799559332327 0.889104853414350
5.983031227994400 0.146232715006478 0.970592512462721 0.006766366829671 0.922073665525148
14.858240778943875 0.110786712908123 0.981051874445549 0.222759435537412 0.258982221543207
6.196325179428775 0.283209929867113 0.864391078468062 0.269453161493064 0.483979708239439
8.998611539050074 0.216755576518518 0.251427551341031 0.287703363292746 0.221920090510733
6.439282734080225 0.115897125577234 0.863243569386772 0.008821993150231 0.200000324327509
9.322916352375525 0.297516463779080 0.289560766650181 0.051856284095991 0.285357594263653
14.007239007013474 0.139584199258106 0.388908144977551 0.244481082982599 0.830866135494533
7.386226591509200 0.100518526166656 0.881992218830723 0.294084018569530 1.093269935537990
10.796884660908651 0.185435271237874 0.771588254170052 0.126282986026349 0.436131916589660
5.000001492775825 0.235097122282209 0.678789238107218 0.132044436602220 0.934696570881513
14.171827989258301 0.287087613941996 0.263712212557015 0.228871993979660 0.526430703893938
11.358270126435976 0.168423645524417 0.240370290633373 0.098160745661811 1.043849046881640
7.869926091755450 0.170401097121822 0.507087295089848 0.295108006857783 0.652526609480173
5.295205294434700 0.103207842294177 0.402159786397445 0.111146441735692 0.787147457694769
14.576342464857500 0.243188763094434 0.379099370276080 0.014918141165818 0.290751351782466
14.931708719981275 0.224255685093786 0.895311714897118 0.217459563063443 0.597342552626836
5.080533296583700 0.208200437998396 0.554845415197633 0.005961610833321 0.303431735722863
9.993952098903424 0.128306991814518 0.559346579365191 0.010354535281283 0.846381759976039
12.394381234525724 0.138942256539190 0.428922581730355 0.234251154226188 0.268618033598468
8.297815186760999 0.277342620416162 0.271207134375736 0.127763238295182 0.861870574399669
5.636665714896225 0.195003282295823 0.302595213919532 0.158230897746013 0.382294431550870
7.937564547861750 0.299995760051102 0.652414690010451 0.022878931221587 0.805914871536690
5.791446662293125 0.275604220258793 0.983484041522745 0.232552627143386 1.083418033344350
14.378155147981850 0.116897717033124 0.832358872217952 0.221884471083968 0.972975348305850
14.034944993656900 0.236656438457311 0.336371211410881 0.272346554184217 1.077678416712990
11.981107159446125 0.241529145183150 0.943938985475458 0.036602729438689 0.688706289900476
14.326592825067900 0.148045072812288 0.522419489781059 0.004749796755496 0.483745780970114
9.722764801773275 0.192246875801866 0.958306401202351 0.279704928770538 0.618130186638510
5.122140972715375 0.129729361595558 0.504998047302414 0.252830731653851 0.243247016249732
13.298793326560100 0.196959718123138 0.762096149283058 0.279112131168215 0.209694930810532
6.039457909300225 0.184442333761166 0.975379454508088 0.129954579595083 0.440304226797276
6.261747352662850 0.183576880539505 0.206043473495816 0.016312447377381 0.575451651809676
7.183234462203500 0.283624139638681 0.643361901920046 0.118733117804514 0.428083560884311
8.919187891025475 0.164424869461948 0.696061446025756 0.185903406536463 0.962568840356655
11.072059145598075 0.196583027218787 0.994484186992194 0.108028863189179 1.030269252874650
5.165146784334475 0.292911960806642 0.946213143783404 0.109053670109980 0.671216850735255
10.731006389010025 0.103622596201476 0.567786250651780 0.014540427866447 0.239144974436510
11.818768609560575 0.127336034793002 0.997857749900950 0.183675821552855 0.642283193819623
10.383035886171024 0.107687729698846 0.905312822795697 0.002952314678637 1.052685414983890
10.858168649210199 0.257202682504622 0.598987236619837 0.207616683381622 0.345991795137855
10.966731962797651 0.215917957735178 0.361186527123509 0.203094662547022 0.773347412703254
14.745685297926100 0.178143088559469 0.869202623191515 0.065300474771793 0.272000915272019
12.572922856097525 0.107056044772934 0.268227952226105 0.077369503641435 0.726619089929099
7.064838835214850 0.289794737400881 0.413442061617638 0.237476964511440 0.388777724122807
13.947124855095074 0.265719623121590 0.617800084244131 0.274647149329707 0.736640891633656
5.219526085343475 0.263258649740064 0.978824270251235 0.076641339248271 1.086555429650070
5.443836424258075 0.294381295658587 0.409915556100264 0.023681821974382 0.450398232223024
9.793992091719900 0.273993642311890 0.692255871625473 0.282356289694829 0.917788789798485
14.296072336792900 0.205388840349140 0.231692287167641 0.066581285974556 0.595917208157223
14.403429447070501 0.261068714482400 0.811307906571489 0.160167482100847 0.992818522778964
9.574259074923075 0.202068569422748 0.610580876636743 0.018861411005400 0.263541368568547
6.911888970908950 0.255837950779946 0.229576382532686 0.001450306667421 0.844046444608617
6.697183757467625 0.114854285216049 0.245629121040633 0.196090865992256 0.550263027584590
10.336858503478650 0.269486039359051 0.542577186924623 0.074975209893114 1.058590849752240
14.641927002013400 0.150772554051331 0.820397393463731 0.292803744826558 0.592097341613161
6.830755869406600 0.133294060948452 0.220345563216844 0.038964206098422 0.244109116432742
13.560064912880151 0.276555897836230 0.756426103895527 0.008390750129754 1.018010583160760
9.868479797961674 0.203717698942649 0.434751793261611 0.049198504741025 0.709138026491973
9.135744821957726 0.163166351207969 0.614677432668320 0.287350286326668 0.255122189677048
6.392128145517475 0.186559453878465 0.990655935488772 0.251351678112956 1.076193418499710
10.235389702287399 0.123678469901159 0.283000302349622 0.297869144855977 0.502805280327480
6.635456820957300 0.218331404038915 0.656038006207456 0.024142130879088 1.095881986491300
5.606426691682075 0.238021348024646 0.471053225918030 0.296335217972005 0.975811349028178
9.943631808435050 0.286400168262796 1.000031458169860 0.298558239769258 0.367036609705392
13.493860831184575 0.136163793011526 0.635692299192476 0.174200482718253 0.644940081849372
9.156729445139675 0.293515430637314 0.935554933838188 0.209286686558268 0.694187617063006
9.732163287717601 0.176541790403362 0.527052497007323 0.291153694976036 1.072385564289980
11.795527817631401 0.282610563434694 0.286536513413871 0.050465222240647 0.819215212875263
14.957014373438749 0.294640189322018 0.649750672952246 0.147523196041116 0.588629497913717
13.735735785750125 0.102613071061779 0.816499032540333 0.040157207078813 0.409943207285626
11.436036465574174 0.289863157543645 0.852232953777351 0.103862225197509 0.463838011684374
5.232323557218500 0.136630312839129 0.824640300265185 0.164740438362148 0.945839039082297
8.490668114951225 0.269508342312416 0.619499190587351 0.155511313638119 0.798838239693211
6.117614097203475 0.172645787340069 0.639603627270422 0.193153754488345 0.567353018085542
6.083101158009350 0.248548074231864 0.759519451437660 0.211985410667656 0.203356919840159
10.881399197635000 0.104751736588911 0.668235751422084 0.250386072345048 1.025085892030410
13.010820561039575 0.122439235481083 0.607626827142258 0.112801353096838 1.003628853189230
7.465440511033975 0.124975912632466 0.580909726009270 0.031674466263318 0.452441609668874
9.548429153862999 0.147264081580904 0.426543371012716 0.162885248151352 0.664852857022175
9.890803290420751 0.130193134989349 0.838511523360520 0.034474355302602 0.649349483027713
14.525067760608774 0.192849843858748 0.398360018994477 0.057321217854653 1.008671279357200
12.037830978325776 0.191055149203221 0.748344677314858 0.012749920120513 0.878180948110565
12.468061314587725 0.243717261680517 0.789675924136404 0.052839558743460 0.217901167018791
14.189399652759651 0.226947169359500 0.342127951707199 0.137578180904093 0.332540453434806
14.612431437725050 0.199152007552590 0.938255140842687 0.085554115106516 0.859670327369008
8.067635449594725 0.197678274257346 0.962182559663923 0.284161522083153 0.278519043746021
14.233108368116801 0.174702222758430 0.216104586875374 0.277208252817174 0.368527961019440
13.759673026504226 0.149487538205371 0.315678972408905 0.155983032026072 0.551550708978202
11.668408249189399 0.278292598162822 0.237954992986667 0.288889609562385 0.266442392249085
11.566732330509749 0.206517887962280 0.564464560936692 0.268036878736755 0.559923693586734
12.681177174076399 0.295636872985566 0.954693760950523 0.273824764860211 1.035000467473350
7.246319915571875 0.226144169913960 0.266703009570084 0.254056391330888 0.751514956850190
6.979476955555250 0.222565313014466 0.745708550970957 0.263789491454258 0.829379004400544
8.409066987319850 0.258104364025042 0.872416297310070 0.113565575080844 0.227749627920731
5.490449705212350 0.187789373920450 0.591455431092915 0.044830376221295 0.630839247629764
9.227295747511626 0.224055871935083 0.248128080998124 0.132273990313249 0.401824903704801
12.200688876257475 0.183039236250665 0.708769757629761 0.260419867678203 0.895543058007669
8.947745631836774 0.110494362349163 0.200000015264486 0.093941244804610 0.927844439084569
9.682490673750925 0.134286952844439 0.729761567449724 0.238025830203287 0.677111594942416
11.479155070637225 0.189320425840475 0.221357518724672 0.234890808286997 1.061603102333770
5.379075530527975 0.132458403555060 0.664603301963279 0.299988621248990 0.779215572332255
14.733842273721326 0.124382620681402 0.669469302514148 0.210855818850783 0.280653614497452
11.903708321462551 0.281520479609544 0.480416700060472 0.088368851200850 0.379740371991962
9.820466993363100 0.291507620742718 0.323363852339648 0.218420878353811 1.021497751634080
7.819759332056675 0.148233150893354 0.713734758450528 0.072449670260314 0.965209871993662
9.512031797529650 0.126932046303164 0.330469603972503 0.027421411248895 0.612843163080461
13.854220933435174 0.229561131568762 0.551199984759286 0.190367428725348 0.904367951459058
10.421803673976825 0.169560490587537 0.494737432753626 0.135638494959454 0.294799842576101
11.955419410072375 0.220971698804996 0.914283263534712 0.170626746097737 0.774232557226364
6.301028530912450 0.208921786171014 0.290734363595388 0.144425365796079 0.720734875861661
7.715538585658125 0.210090741229650 0.496773515651600 0.196974651330636 0.234700298306485
11.097763172271675 0.162508481843946 0.890620398360173 0.040526242454823 0.213799327892820
10.062460473002474 0.111638874405649 0.433878838686730 0.262211623549616 0.812240639631215
13.716996178917025 0.246677926268699 0.794298216950485 0.188504415556666 0.308682088918691
13.357301592604776 0.296301959676391 0.419114515872272 0.216419225635607 0.872221821928755
5.322754211033475 0.285810637324277 0.294050913664046 0.119486529992092 0.314722891344870
8.355108964826600 0.217550389245556 0.902976953741008 0.142009245038499 0.850189496097510
7.732060308506000 0.135310115070528 0.908932514570215 0.125087287493753 0.654997650149375
11.493334846273299 0.108477790851513 0.847415730382397 0.225219902228616 0.319736663640972
5.065883453747025 0.288361835988006 0.805777172100180 0.243339683007035 0.821049923467769
5.904538266350500 0.112172431259997 0.460890002754080 0.214444208221637 0.897524913990697
14.433677790046501 0.204105793113876 0.274363396207818 0.175535048976727 0.792097128278455
5.964820188684975 0.202527922050660 0.929501302364022 0.021525842330651 0.705354157893276
14.131985709731625 0.238401121163142 0.732593129559878 0.012180439924997 0.564604560448752
9.448730606786700 0.250666855380346 0.800456052927703 0.257996346156674 0.512548922783316
8.371224024055650 0.190348483096060 0.422033016125966 0.019903965693527 1.000051946202990
5.506167568267325 0.193799131409820 0.530808994892692 0.205796439481785 0.911243911193978
11.527712436224174 0.121808642164430 0.390886428757913 0.176175452000359 0.988717321582208
6.542858512356000 0.180250530748675 0.625746139537408 0.092559134079061 0.230029250489633
9.086330882146850 0.266500194597546 0.415449155867151 0.283467383642061 0.610878853816244
8.235814005315600 0.212827823056410 0.369203100044951 0.029537275877180 0.409672894626949
5.690909022616300 0.259414608001402 0.687657158409308 0.018159819647836 0.617367369326312
6.828730983327400 0.145642925881944 0.899529090614067 0.255977716586514 0.634185716725836
7.912112223376750 0.209745404343294 0.877393285479867 0.032953222410641 0.421656589087577
13.973123916096849 0.213826383998610 0.519489766657537 0.241887221281060 0.321768680841566
7.568777687206850 0.264886348895428 0.306756542051198 0.078154581552650 0.570629154795607
7.277447810973950 0.274862819500607 0.462994090858544 0.026202162954813 1.048763585087660
7.121999559164800 0.228047300214136 0.385522754424867 0.123820701240802 1.031713973409630
12.612964627127850 0.214223287696432 0.224074356939898 0.227155363804353 0.537865218334588
7.315891483051550 0.101822327852152 0.673045395741189 0.068059630285968 0.717449357505518
6.890822006247850 0.156108343475425 0.339179885591128 0.058998123808215 0.791133658086761
9.626698519293150 0.240332236216262 0.768694687056758 0.064925802065565 0.903877919956439
14.499277880972924 0.161378024892671 0.859572436252503 0.135759893182772 0.576749900709829
8.575721871672849 0.132517934367921 0.395372083892286 0.225085051404595 0.375241439913232
7.774352095499575 0.246004787038360 0.568937109132664 0.202029125933726 0.517508433764635
8.749438171820250 0.142613113201280 0.951379471231772 0.199342941698812 0.879612298653183
10.545802302994325 0.113103644118347 0.573079429396632 0.070983098439256 0.531763134419884
12.794222547620125 0.231740327818083 0.723207466424320 0.089834069814568 0.762189557067934
8.247451252571574 0.152138871417401 0.453701802574183 0.171254440272424 1.090017028135290
6.609336988219075 0.271068428705313 0.924481613612774 0.169730123220552 0.462565895627435
9.404376857623349 0.131578389224600 0.720004435055918 0.166091373493164 0.306705605147804
12.360715043568325 0.272829289698629 0.233535424397792 0.109936030318312 0.254152102510073
6.491418289996075 0.114440015133197 0.577115726393377 0.145616522696879 0.521125283078510
12.302824693860250 0.260807224665879 0.343559221814709 0.139906047897463 0.579252627036422
11.727064660847875 0.251460828598530 0.346411205447045 0.128847777534225 1.051358767745730
6.406374816839700 0.229736273909378 0.458096817202449 0.280777379733594 0.357951522702525
13.260921999691824 0.141679689155113 0.661078099113495 0.031001983348651 0.727742706967195
6.758898911644100 0.140947890351258 0.917388293347347 0.187407478684571 0.299761816475355
13.129188765211900 0.290778399691508 0.493238793928127 0.037748015631111 0.662846973927982
5.549008843498875 0.177755316481242 0.297141467628849 0.241288440735168 0.603818486983501
13.899031800577426 0.158349555583758 0.481834338969128 0.104746997112355 0.747247811209240
12.644202945692250 0.285035718301783 0.849819693889106 0.167364676230625 0.678449221181818
8.893668063870676 0.214960858863847 0.763916762074911 0.213017763597620 0.287541125105387
13.452509201945025 0.249476814324818 0.333040966321050 0.266716923527238 0.740375799743192
12.019162062159801 0.109559558257758 0.595903483702662 0.266232717064237 0.443838474072362
8.633581911438551 0.236287634510886 0.965817010854145 0.061422160915820 0.702611000822234
8.694913821925249 0.164953514278305 0.632047808489361 0.063459714945487 0.696832608506158
6.238123140858150 0.270748806520338 0.440925484638619 0.188674407068893 0.769403256364275
6.722690293055800 0.125698770986152 0.818319695569713 0.096074778369390 0.403009400818363
12.844192290738251 0.174900539067753 0.967878399912539 0.028745333247502 1.012955271549460
13.819317752387326 0.288184929993286 0.774456853398669 0.236078196233574 0.494028861652548
13.608292026744950 0.168949734497517 0.913407961148735 0.206823667610987 0.795028203549017
10.291543878776425 0.262893392107774 0.625125404442392 0.059944237720439 0.544007796231122
11.877390974577700 0.200182372540051 0.987761950599453 0.146643742027380 0.329450062137207
5.398512703278025 0.267710517331702 0.210980193693807 0.231152845944136 0.447395804338111
9.366644863862374 0.233167337714422 0.711534499475385 0.177269127345014 0.997438686428155
12.776145998337226 0.231993507438370 0.512984306653916 0.047059430674435 0.533324941741215
12.868302027960450 0.181407522659296 0.803299316038099 0.200827769738509 0.413369192414139
8.103706368200925 0.175759982455763 0.501652907970340 0.094826266258221 0.470851097492753
10.766083582996124 0.241161750813080 0.363772844484840 0.248834817974938 0.398422110512725
13.196468765688525 0.198782050646900 0.587032277846661 0.157027742175557 0.627997865913844
13.064462768753476 0.242215064863698 0.753592041421872 0.246086212145203 0.958544230075402
10.679328236649150 0.210861487260275 0.447410699990317 0.149264825923605 0.507963134976215
12.082766849692000 0.207133780053719 0.309574126319918 0.053871776147429 0.339157362976907
14.665250983317526 0.165799661302654 0.600367042028063 0.264262613430566 1.014457433422540
8.543300699942476 0.188144661069143 0.841737521338489 0.204274272513237 0.557635825425146
8.602599548041026 0.261713716216508 0.471861619601428 0.246999136083483 0.886357839623426
10.107553201202000 0.227665233497826 0.280261328741602 0.117855691762259 0.690764875856496
8.032853169426074 0.161668769346749 0.383561374241769 0.271106065661841 0.891622732724337
12.261831401626475 0.220108356836621 0.539364722214092 0.048026560611629 0.984026894462255
10.901901950007851 0.129115987955220 0.827343828013225 0.151165597584633 0.853601883832030
11.225708381321800 0.181820069040277 0.741453680391444 0.195624851458118 0.710223345649975
11.138232923221400 0.191500450192761 0.893473553776048 0.270633228339176 0.351578037204310
8.822232135736074 0.157615435979893 0.475179345710784 0.106328876708886 0.875221118775853
13.678622675694376 0.121508007285778 0.444630522614097 0.045735857423538 0.950266065516625
11.307724755733474 0.281160467556782 0.589315479464880 0.127496732826879 0.733629735250160
12.448619527609726 0.116335881948255 0.785240764923814 0.227865805190548 0.757675708593514
7.670213530163550 0.279990883588226 0.781008477673159 0.199137236340688 0.968459212333667
5.734431690787325 0.159578239312670 0.794731599221933 0.258595346858406 0.940283368626928
12.335635046993575 0.279367983278545 0.873767014452638 0.097170797436123 0.854860694370142
12.943503472631825 0.153578313661899 0.301101300370310 0.043670228814606 0.542059258683348
9.290797920186526 0.204655388459895 0.735210199715773 0.122204681907713 0.658619412774983
11.403280714891750 0.166559641516660 0.318905979395280 0.248186438110179 0.585220369101547
14.095106462855000 0.154806152064643 0.517600928347091 0.219828089137715 0.474825676760929
12.716166527033000 0.160211463062047 0.657140846016125 0.087544776073240 0.394285713084032
9.461985592126625 0.179856230908965 0.260879131411847 0.193680145887369 0.914629637701363
5.850038861486725 0.254868255958618 0.468146737011440 0.102081627996416 0.458775054820742
7.366600106935975 0.252331267019067 0.809895408300725 0.181881849128715 0.670778092938905
7.593757250660050 0.118475161998130 0.403086471547571 0.143194787413988 0.356228257833451
13.045626008466700 0.151840034419631 0.922573550046539 0.071474506517487 0.683154731471053
12.163209996532149 0.172272889715158 0.489234006194595 0.152900651032363 0.991841250005147
6.354672028376600 0.179144562435498 0.777170406979168 0.084473766026412 0.499108731922657
13.575608879806900 0.155726740235264 0.783238396107548 0.139152364128794 0.980465169618800
7.057256532444550 0.201068667712800 0.646222217859660 0.150088405129940 0.837839853131638
9.187225468740150 0.264175698815110 0.702257385485754 0.056378330610645 0.313265049441706
10.574017384216701 0.100000045970943 0.534587654170106 0.099581279674723 1.065075329880410
11.043322419041649 0.138416967772664 0.366238663945988 0.042638750338644 0.947995363718018
9.059479296240751 0.173849502292906 0.549014161049164 0.215679649928288 0.755501938635239
10.134333077099326 0.170859041960842 0.356449359407697 0.220575417534571 0.248971758006093
11.626612809498150 0.234514583234918 0.697493791556544 0.179784690479532 0.823252764851146
10.033738662214224 0.251990232121990 0.352871982574268 0.073878283853453 0.432534784075994
10.664980990939551 0.142883098739297 0.603657832494627 0.167833046830204 0.488513191044235
7.145954252975575 0.230446665474513 0.629790593804429 0.134201634104939 0.621860468164979
13.424345668092650 0.143469396484563 0.377450117415905 0.160508079253268 0.208210328027437
10.600349904471599 0.238980427557592 0.484779671370178 0.092056768997992 0.834451518721882
12.538943947152401 0.120219546424278 0.438872945998404 0.120970077443498 0.495753900284651
8.829906928756699 0.154161809829248 0.886632939948425 0.106435998483783 0.346990802440251
8.178077171792975 0.220723164094641 0.706680630915422 0.083223952129596 0.478285414169425
8.729056681229874 0.137769352214623 0.681870724696506 0.162437337471753 0.639227958949588
8.149275755249775 0.246876726421425 0.582451284164470 0.081443656762946 0.763467843658915
12.152581889472774 0.117862073940065 0.675459577576012 0.115601528066938 0.783018247952736
7.008906340412950 0.248162207673160 0.882742943948368 0.101057118020613 0.526174770184322
13.170472371409675 0.157509505273306 0.855962153180291 0.116320040214131 0.371113328211377
13.232808657192425 0.253651870156466 0.373592071220768 0.082012462239211 0.741903760041396
10.160781425187750 0.258605621716069 0.450763217353225 0.153676410881270 0.419750208657929
7.972470580596150 0.275950606943086 0.689007561280049 0.230573097923971 0.714945314496360
10.454182900822126 0.256291208976814 0.534276211812231 0.192027773910112 0.804619679628234
7.445161666228450 0.144392180497844 0.351755220033586 0.080378509220017 0.510348800792551
8.438861356689374 0.254408832626738 0.314608467959368 0.184087141224652 0.956042972763843
11.714947984672675 0.233600091635118 0.325850819043137 0.173038779001906 0.425393052053769
11.201659359711149 0.211721525911209 0.728307183216405 0.069355129516262 0.467433034191220
13.398956560612424 0.195821100881252 0.716546773607315 0.034837629651169 0.604023499853556
7.522331442893950 0.186113795623927 0.407786991976731 0.141467444425042 0.362627219088973
10.215247180308999 0.218795683221221 0.836284132904575 0.239761557043004 0.936699677812867
10.471438122826250 0.225235012416134 0.545584600009993 0.181117824579673 0.919393546782572
12.902398978268375 0.244873613479282 0.559605786027062 0.178227957089031 0.931509180906511
