447.097333333 297.7355 201.7176 134.330666667 85.5136986301 51.78975
6262.22066667 4127.098 2806.602 1880.974 1213.31506849 748.13
2045.30466667 1336.857 900.5128 589.345666667 370.625285388 222.2755
2739.47733333 1828.8895 1248.4448 830.027333333 533.662196862 325.0535
3901.78266667 2576.347 1739.6132 1149.171 729.470319635 438.745381927
1457.44133333 953.5035 647.5916 427.700666667 271.393835616 164.466916355
950.58 633.2695 432.3976 288.214333333 184.052511416 112.645927036
4826.51266667 3178.0525 2151.7352 1424.488 909.081621005 552.13258427
1111.86066667 724.0805 484.7144 315.748666667 197.953767123 116.956271864
3813.38333333 2536.2415 1729.8264 1155.41633333 745.087328767 458.006
1877.54866667 1243.2775 841.6848 555.578333333 351.633561644 213.0945
5046.55666667 3302.982 2236.7924 1472.29866667 938.971175799 565.37475
2940.58266667 1937.022 1317.7524 875.585666667 561.442636986 343.43675
1755.284 1144.711 773.5724 512.723 326.857305936 198.317432567
1656.806 1098.41 744.7116 487.164 308.411244292 186.475655431
1401.104 938.625 644.622 431.54 279.274543379 171.80948814
2660.39666667 1724.4315 1167.3668 766.124 483.540702656 291.650337416
2366.04666667 1531.533 1029.6604 671.873666667 421.478310502 252.60575
3388.15533333 2243.5945 1519.7688 1007.58866667 643.46489726 391.502247752
1579.62066667 1047.4155 714.0744 473.863333333 303.275399543 184.74025
2832.29866667 1852.631 1259.5328 840.430666667 537.84303653 328.754679311
1292.684 859.055 588.9524 391.684333333 251.133847032 152.59525
2046.21733333 1319.027 888.026 580.912333333 369.528538813 222.886448715
771.742666667 511.796 347.1304 228.854666667 145.815639269 88.2335
2353.83466667 1566.55 1070.3076 711.315 457.265259555 279.7015
6116.90933333 4041.3895 2733.6976 1817.58033333 1165.94834475 712.500874344
1032.22466667 682.66 463.4344 309.112333333 197.107876712 119.84375
1744.91533333 1153.3685 784.0248 516.265333333 328.226598174 197.25999001
2414.55266667 1584.0155 1067.1884 704.888888889 448.894992847 270.74475
1443.14133333 958.8255 656.658 438.033333333 284.548857143 174.07325
940.062 622.551 423.988 281.564333333 181.037385845 110.284928768
2504.46733333 1673.477 1142.4268 764.519333333 489.990296804 301.014492754
2997.03066667 1978.719 1338.034 888.887 568.347305389 346.889693037
4313.95733333 2819.899 1906.4844 1250.37733333 791.309360731 477.004996253
3136.29733333 2039.6655 1377.1104 909.352333333 575.934646119 351.00825
4920.93266667 3250.7295 2227.5016 1476.869 949.481037924 581.9425
2482.74133333 1645.5455 1114.7036 736.442 469.026826484 282.001999
4078.86266667 2676.52879319 1807.8196 1196.12833333 761.488020536 460.345904096
1174.09666667 767.083874189 515.0912 339.304666667 215.239520958 129.5775
4614.2898068 3031.0025 2054.936 1356.699 867.63350486 528.13075
2317.24533333 1539.3155 1044.0616 691.428333333 440.920947489 266.258805896
445.72 297.97 203.458 136.140666667 87.2360159817 53.0796902323
2375.95466667 1583.346 1081.0916 722.765666667 463.16609589 283.774088867
2560.51533333 1677.699 1134.2108 749.949666667 474.029394977 286.954545455
4467.632 2959.0035 2020.1544 1336.69 857.514840183 520.009
2468.148 1634.2365 1119.0168 746.007333333 478.845890411 292.97675
1793.34066667 1191.3475 803.862 531.235 336.716609589 202.147
4188.736 2770.1895 1862.0296 1229.94366667 779.717422298 469.25999001
2819.878 1865.3775 1259.7752 829.684 524.806792237 314.96028971
3437.72666667 2267.53 1547.0884 1028.526 657.645547945 401.666
2279.79 1497.121 1014.132 673.463333333 428.359874429 261.131151636
4889.79533333 3238.1395 2197.2932 1457.55933333 930.705731394 566.266550087
1228.97466667 813.94 554.6224 366.568666667 234.085901826 141.835205993
1988.56866667 1299.4195 885.2616 589.511333333 377.988869863 231.44425
4711.76266667 3095.424 2107.2816 1396.92 894.988584475 545.172077922
2338.36333333 1561.16 1061.4632 709.330666667 453.222031963 276.985521717
1032.58266667 689.4455 472.7988 316.947666667 203.747142857 124.6775
3796.28933333 2487.9495 1683.3972 1117.557 714.675228311 434.901422511
1517.32666667 1012.724 692.972 463.841333333 298.32619863 181.66209134
5755.43133333 3794.544 2587.4808 1725.40533333 1109.41295662 678.279180205
2236.182 1487.478 1010.4568 671.504 429.100285714 260.33908046
625.026 417.282 283.3852 187.598 119.360730594 72.35
923.158 605.7885 410.476171406 270.858 172.125856164 103.376623377
2738.73333333 1828.3775 1246.3944 831.722 536.30793379 328.39125
4822.712 3152.7465 2135.886 1405.80766667 894.769406393 538.6745
508.074 339.5395 230.0 152.976 97.8062214612 59.4225774226
4724.252 3141.445 2143.9424 1432.094 919.713184932 564.664836536
1737.508 1155.4165 787.9792 523.395333333 336.075913242 203.818431568
2522.53866667 1649.9275 1112.784 733.110666667 465.251712329 279.152211947
2727.99466667 1786.694 1203.4464 796.150666667 505.124714612 305.21978022
1747.88466667 1126.9995 758.1576 496.627 311.960901826 187.10925
1711.95066667 1135.596 775.9608 516.568666667 329.072773973 200.79275
1728.40733333 1124.095 754.3596 499.103333333 316.799942922 191.291635456
5399.81266667 3563.1915 2417.5196 1608.17433333 1035.09275114 633.656093906
3275.27066667 2150.3675 1461.5504 963.108 610.609303653 367.571
4607.15133333 3042.233 2075.7256 1384.60866667 891.22260274 545.566575069
2605.96933333 1686.128 1137.6356 744.962 470.753710046 283.943848266
1715.76533333 1148.3015 785.538 527.544333333 341.121004566 209.872595553
5235.12666667 3461.92 2355.7468 1578.12933333 1018.93837375 626.672491263
3449.62933333 2290.2735 1549.3744 1019.28066667 643.449200913 389.116383616
4950.926 3282.3555 2241.4604 1497.504 966.975456621 592.921578422
1592.69066667 1045.165 707.068 464.271 295.585901826 177.976761619
2746.80333333 1817.361 1238.0904 825.681348015 529.046232877 322.733
1677.396 1101.0025 744.3932 491.039333333 312.083333333 188.472277722
2314.00066667 1531.741 1041.9456 691.646 441.996289954 269.78825
2720.642 1770.173 1190.2684 775.976666667 488.136130137 293.98175912
2790.00066667 1838.1125 1248.208 823.584333333 522.986015982 314.710362047
1358.43066667 903.312 609.4728 403.752333333 256.319063927 153.897352647
1773.05733333 1171.607 793.6356 526.718 334.756278539 202.34375
2705.826 1790.149 1212.604 801.401333333 506.831621005 306.166125406
2363.234 1570.4215 1071.0032 710.769 454.609303653 277.331835206
3395.57266667 2249.17782218 1532.64345738 1010.34233333 645.948344749 391.897077192
4351.65333333 2894.169 1972.2192 1308.64433333 846.095034247 514.34007996
2522.64933333 1668.91 1139.604 762.131666667 486.936643836 298.55044955
5552.32333333 3671.4875 2500.5124 1664.866 1060.32191781 650.419080919
3458.73666667 2275.153 1540.3336 1018.67066667 646.349600457 393.441
2214.998 1436.0785 966.8776 636.624 403.620148402 245.158
2022.44 1337.02 907.0612 601.520333333 383.116152968 232.964517741
2411.232 1571.164 1065.1196 705.341 451.627283105 276.334665335
3247.348 2130.2615 1442.6964 953.962 607.934646119 368.134932534
6563.94466667 4331.718 2944.7296 1960.82433333 1262.82648402 780.22525
1478.85466667 970.296 653.0204 432.440333333 275.280821918 166.069
2570.78066667 1681.212 1134.0896 749.659666667 477.12043379 289.62425
3480.668 2303.998 1571.6664 1046.985 673.379851598 412.0305
1202.51933333 799.389 544.176 359.556333333 230.498858447 140.0925
1316.49666667 883.0925 602.746 401.774333333 258.649257991 158.33225
3837.71733333 2511.547 1694.5052 1118.669 710.499143836 431.59775
780.463333333 518.707 353.0732 235.449183605 150.104166667 91.26225
2757.278 1803.488 1215.3112 800.242666667 505.656392694 304.3875
1823.298 1198.1835 808.7844 531.961666667 337.402512132 202.63175
1529.39533333 985.141 658.8956 431.656 272.198059361 163.84475
3707.108 2435.212 1646.588 1085.0982351 688.658961187 414.9715
2944.13933333 1961.176 1333.2132 894.559666667 577.236015982 354.21525
2333.44933333 1537.6895 1040.9476 693.397333333 445.410673516 270.96
1962.86133333 1308.5335 882.89 582.83 370.609366077 224.44225
998.105333333 663.8235 449.722 297.538794539 189.406107306 114.27725
3824.02933333 2520.6095 1707.9224 1137.151 724.605593607 441.43675
2153.82666667 1427.7655 968.5564 642.868 409.833618721 249.0775
4887.724 3234.018 2195.9668 1460.29166667 932.748287671 569.2445
1035.032 687.6295 469.8324 311.588666667 200.122431507 122.19025
1913.784 1260.9035 858.1072 568.537333333 363.090468037 220.78225
3548.47333333 2346.0075 1590.4512 1048.495 671.020821449 405.4115
2010.144 1309.0945 880.7752 573.536 363.744863014 218.61475
5262.45 3494.8415 2368.3264 1579.45636243 1012.34389269 621.161048689
3624.37533333 2376.521 1622.768 1077.91333333 691.973458904 423.212
956.450666667 637.3955 438.1808 293.537 189.696061644 117.34175
3312.672 2188.86493247 1482.8088 987.514485514 630.293378995 385.46525
2476.51533333 1633.2125 1105.2144 728.498666667 461.819920091 278.480649189
3425.05533333 2258.939 1521.2912505 1000.08533333 635.204221335 382.8305
2291.23133333 1506.0065 1021.0968 676.64 432.749429224 265.616
1202.18466667 790.156 532.3556 349.662333333 221.008276256 133.54975
2299.95666667 1522.162 1030.7052 686.388 438.857876712 268.444
2099.56666667 1397.537 950.088 627.56 401.467751142 243.185639229
4391.08133333 2904.086 1983.356 1319.369 845.226183685 517.26875
3856.298 2546.7635 1724.7812 1149.46833333 732.396463206 445.81775
1289.32533333 856.9825 585.7008 388.120333333 247.71946347 150.38725
1466.992 960.2335 651.4192 430.053333333 273.337614155 165.36075
1949.60666667 1288.307 870.7848 571.595333333 364.143550228 219.478641019
1595.502 1056.3535 719.4624 475.515 303.454908676 183.51625
2536.45333333 1640.072 1114.0556 738.062 470.909609353 287.194208687
1199.51533333 799.9945 545.2156 363.343666667 231.647260274 141.39225
1671.00066667 1118.2765 764.5752 508.509333333 326.172945205 199.78625
2408.674 1580.6995 1063.7516 701.288666667 443.593437946 265.5965
2746.45466667 1824.5465 1244.198 822.39 525.826769406 319.052
3677.49733333 2412.71 1633.568 1082.474 693.967180365 419.816
1194.79466667 802.5195 550.06 368.462179274 237.034817352 146.02575
1526.27533333 1015.5355 698.3996 464.263333333 299.561929224 182.81275
1409.27066667 936.4495 641.6372 427.329 274.526541096 167.60075
2043.75333333 1335.608 909.3784 600.621 383.60867085 233.83125
1519.93466667 1007.7325 682.6764 449.869 284.461757991 171.44175
865.005333333 577.503 392.4812 260.868 166.202054795 101.40525
3266.97533333 2164.513 1483.794 987.179154179 632.833047945 386.1865
4773.84466667 3134.521 2130.1136 1405.56733333 901.345034247 545.4305
1606.16133333 1056.332 714.0156 470.925333333 299.389840183 180.452571143
2332.086 1537.6295 1043.53 692.321333333 442.429509132 270.571785268
3122.42466667 2055.459 1386.9112 912.12 579.13502712 349.051
1971.42666667 1311.358 884.9212 584.170333333 372.144406393 224.61075
4118.37266667 2731.798 1868.226 1235.55644356 794.731164384 484.451774113
1682.34 1105.605 747.6556 494.376333333 315.637842466 189.67025
3057.536 2031.045 1385.8492 921.818666667 592.478447045 361.486013986
2499.70933333 1644.265 1110.4952 733.05 465.292355961 280.077
1737.80466667 1158.551 793.7056 532.927333333 343.568207763 212.197
1352.294 891.5125 601.122 396.290333333 251.370571429 152.3445
2418.32133333 1605.8315 1094.0636 730.956333333 468.681792237 288.17575
2268.77333333 1498.1505 1025.7184 682.512666667 440.290810502 268.73625
1780.52533333 1161.6365 782.6232 520.813666667 332.934646119 201.14475
2975.28466667 1964.299 1330.6644 879.714333333 557.938641553 337.43525
2295.112 1516.1425 1025.0852 675.519333333 427.642694064 257.758991009
3178.25533333 2112.214 1451.1828 969.218 624.357020548 383.315605493
1074.46333333 704.0165 476.3896 315.158 200.006849315 120.6735
2648.16933333 1754.127 1188.736 791.702333333 503.555936073 304.085642946
5582.27866667 3693.1185 2522.1428 1682.09866667 1083.89554795 665.0992004
3146.37933333 2074.148 1409.1908 932.688666667 596.920947489 363.8
3018.482 1967.3515 1328.2076 881.851 560.654965753 340.445
2771.50266667 1807.369 1215.784 796.669 503.728025114 301.793551612
3615.63266667 2393.828 1636.0 1086.76966667 696.510559361 424.25875
2011.40466667 1337.4515 909.2676 600.642 382.900114155 232.07875
1684.35733333 1109.007 756.0008 502.616 323.805365297 196.587059705
1840.862 1218.647 824.9388 543.087666667 344.890125571 208.1655
4573.36466667 3031.6255 2056.5632 1363.00266667 869.590519703 528.01425
5797.52266667 3837.3585 2618.0908 1740.45424182 1121.20976027 689.894
4972.71466667 3286.1805 2214.1844 1468.64552737 936.492865297 569.68425
3008.94733333 2002.143 1366.2904 908.113 585.946917808 357.1335
4889.13533333 3252.6965 2201.648 1467.81572809 938.685787671 571.071714143
1073.68 706.6255 480.30556668 320.340916695 204.887557078 124.84775
3196.538 2108.764 1430.39207048 947.085085085 609.093687518 369.077691731
2831.00533333 1888.775 1286.7592 853.635 549.162385845 335.52510617
4325.592 2846.905 1940.194 1278.818 818.351883562 495.578776529
1622.37666667 1082.5195 734.3684 485.874666667 310.947203196 188.6455
2473.67533333 1616.0955 1099.3732 724.737508328 465.979725871 283.26678313
3464.34733333 2279.54 1549.0356 1027.67933333 659.495719178 400.71875
4907.05466667 3222.715 2183.77138289 1448.23033333 926.366514546 564.12825
2312.24933333 1534.768 1040.9484 691.627333333 443.867579909 269.872345741
1579.39466667 1056.9385 719.5904 479.532 307.373858447 187.89010989
3866.71866667 2521.963 1695.70171931 1114.91533333 709.008847032 429.211
3062.42733333 2027.8735 1367.2412 905.557333333 576.491152968 349.695228579
2518.166 1639.931 1110.4496 736.502 469.203196347 286.299275543
1536.26733333 1024.084 700.4148 466.878 299.982020548 183.9585
1752.96866667 1137.6 768.0596 502.578 317.770262557 191.0365
2787.13333333 1851.02 1261.292 840.793 538.086757991 328.348575712
3231.95866667 2133.85357321 1435.8676 948.053333333 603.445776256 362.84625
3543.46 2326.994 1579.47 1042.52266667 662.779394977 402.682476286
4360.98866667 2863.893 1943.508 1286.30433333 820.632420091 496.547315855
1669.188 1104.9605 751.4196 496.739333333 316.962614155 193.129902573
2014.17666667 1331.845 902.4028 597.728271728 379.066495434 229.2785
3503.09266667 2323.1415 1583.882 1059.17833333 679.882705479 417.011
3552.46 2334.753 1574.378 1034.38733333 652.715141146 394.268932767
3202.19 2117.0235 1437.41383447 958.110666667 613.113299087 373.857214179
1923.63866667 1255.6495 845.0012 553.924 350.994292237 211.318193162
5310.92205197 3531.6195 2409.952 1610.134 1037.79537671 638.06775
1416.778 939.932 639.238 425.005005005 271.118721461 164.889360639
2914.758 1927.2685 1312.3888 870.781333333 554.802511416 336.923364953
2091.038 1356.212 917.6556 604.024 385.336187215 231.09025
3172.27066667 2088.872 1409.8528 930.457666667 591.284246575 357.581731969
3125.28933333 2078.157 1410.92 929.833666667 593.801428571 359.660424469
1514.92933333 996.60169915 675.826 447.298333333 283.46489726 172.30475
1347.98933333 898.14 614.818 409.775333333 263.224885845 161.4665
2938.606 1943.676 1323.5088 880.578333333 562.427226027 342.966
1206.756 801.0925 540.4284 357.137333333 228.377283105 137.55825
4297.75933333 2852.496 1933.2276 1273.63966667 812.780821918 493.76998002
2622.142 1726.5665 1168.1836 775.543 493.494863014 298.4502997
1876.43133333 1243.8075 845.778 559.907 357.737714286 215.404547726
4056.74866667 2683.07392607 1811.034 1201.30566667 763.201484018 461.667083229
2012.526 1328.1825 902.8448 597.788666667 380.727739726 231.383558221
2983.432 1990.1125 1359.0404 902.949333333 581.262842466 356.6003996
1884.42333333 1249.4205 847.206 557.153 352.917808219 213.486513487
1387.48733333 920.214 626.5488 414.605333333 264.376712329 159.954522739
2281.01733333 1490.2785 1006.978 665.978 422.037956621 255.54725
1896.99866667 1239.045 841.3444 555.676333333 354.806599713 215.29810095
3902.35466667 2569.092 1748.3576 1157.23766667 742.820074137 452.443528236
1712.06333333 1146.674 785.1988 524.725666667 337.899543379 206.841987019
2512.766 1659.687 1119.7884 738.758 466.693493151 282.241129435
2095.89066667 1385.703 946.1608 626.232666667 400.996289954 245.428678491
2176.176 1434.6225 974.128 644.959 411.101142857 248.79125
2422.57533333 1613.062 1103.4456 733.439853382 471.3465063 287.768155727
2054.94333333 1358.878 921.0304 606.736333333 386.806034483 234.017977528
2866.62266667 1891.777 1286.6416 846.777 540.792237443 326.078710645
2472.01533333 1641.353 1115.18018378 742.882666667 475.904884319 289.096830547
2246.25933333 1482.042 999.1836 657.857666667 417.789639382 252.181318681
2191.86866667 1457.638 996.3868 665.718 426.306506849 260.782358821
2837.744 1870.2845 1266.7436 834.185333333 530.07163242 319.839031695
2825.096 1872.522 1278.8012 851.773333333 545.512923607 332.186
4215.236 2792.838 1888.2028 1252.208 798.119224187 482.23951049
2448.33533333 1633.5685 1115.0744 747.283666667 482.190353881 294.951
2483.44066667 1646.3135 1122.3732 746.509333333 481.291381279 294.488877781
3020.31666667 1991.158 1347.6624 897.170552965 573.13638985 350.23625
3030.25333333 1994.026 1359.6796 902.171333333 576.883276256 351.116604245
990.934 658.1375 447.326 298.115666667 189.731244611 115.047179231
1746.98133333 1154.374 785.6896 523.118333333 335.234589041 204.199250936
2209.31533333 1457.077 991.014782261 660.74341886 424.374143836 259.716496132
3399.95933333 2247.106 1529.876 1018.602 648.894977169 396.324681807
3735.71466667 2486.503 1687.6024 1118.44633333 712.041952055 435.32375
1420.384 942.0665 642.302 424.299233589 271.567922374 165.405
4004.64466667 2617.7785 1776.8796 1178.884 751.458618721 456.353132019
2853.32 1882.105 1281.528 848.396333333 542.555079909 329.670826054
3703.44266667 2439.7435 1654.5284 1102.369 705.938641553 431.20189905
