0.00188658872755 0.00180707191052 0.0017952887618 0.00218851485659 0.00298053304782 0.00482286765002
0.000397832563578 0.000517328312815 0.000519413715868 0.000547707211334 0.000579643462143 0.000659685874906
0.000672342468186 0.000659603951549 0.00073845397199 0.000810529995102 0.00094622536971 0.00142895273698
0.000352103671195 0.000442660121999 0.000535534240746 0.000706625055855 0.000935172585081 0.000955930475093
0.00044413853835 0.000583261807466 0.000610158462858 0.000675085482662 0.000732884340177 0.000844729997057
0.000552468583821 0.000690244701264 0.000722101649558 0.000830063125883 0.00101235074477 0.00142929882462
0.000909409021022 0.000989996080387 0.00102661326425 0.00112688980073 0.00136226015069 0.00191303994561
0.000377744848302 0.000506751916561 0.000533127845563 0.00057181536416 0.000610718520116 0.00072487270043
0.000840515126244 0.000932011620388 0.0009417610889 0.00105192836857 0.00127933580065 0.00167759545517
0.000459232113667 0.000631161567606 0.000664176893751 0.000676432152589 0.000737020502091 0.00086745905902
0.000602544373937 0.000722071535249 0.000733692631705 0.000839734398416 0.000958183935148 0.00120618184032
0.000395609444081 0.000509463301202 0.000520359190671 0.000557911289646 0.000609202186055 0.000699039435088
0.000425758296792 0.000555656843589 0.000567399204363 0.000621436574331 0.000713457444595 0.000929626736099
0.000523837281425 0.000655342009848 0.000685550634743 0.000748915056302 0.000951705711081 0.00127200006513
0.00068038256209 0.000771287119706 0.000819935142701 0.000894644379053 0.00104212239091 0.00133513652601
0.000599756859866 0.00074982422391 0.000823284202773 0.000922291931451 0.00105052058578 0.00139413503847
0.000464211346969 0.000578485324805 0.000605199600887 0.00067233864234 0.000737402120264 0.000891944095821
0.000596467649875 0.000615806498481 0.000644578731328 0.000707807190929 0.000795300866189 0.00102313742107
0.000433780752092 0.000591159436966 0.000615036040437 0.000660366780945 0.000733874406693 0.000847202353289
0.000560699946421 0.000719259502915 0.00076912127207 0.000877016153486 0.000975862429603 0.0013191504339
0.000442715730454 0.000576716514841 0.000630650456428 0.000670762904394 0.000739114024755 0.0008715529593
0.000673073460487 0.000789850179549 0.000829541409011 0.000949082364674 0.00106668372476 0.00136701047618
0.000502145743656 0.00061793551 0.000647567107454 0.000728184539803 0.000854924436347 0.00110704447828
0.00186841384649 0.00140472352639 0.00141309474199 0.00158888977469 0.00185603914319 0.00288842623283
0.000523846893344 0.000697852924333 0.000734506553114 0.000796823226677 0.000892950691258 0.00106947494064
0.000393825840465 0.000523024719385 0.000524884927042 0.00055879712463 0.000593901251162 0.000674383798413
0.000725221642504 0.000862026150618 0.000969734015141 0.00108301366959 0.00128991826703 0.00182187552597
0.000643122417909 0.000781235286348 0.000804665137514 0.00087285988468 0.000997171901899 0.00121253321002
0.000514543815967 0.00060878963388 0.00063791726855 0.000697810007663 0.000807989456436 0.00100066309176
0.000567706505099 0.000713576813622 0.000782800311835 0.000864278944974 0.000996577292073 0.00126536842963
0.0008853858493 0.000935194758888 0.00100482220491 0.00113319628352 0.00138476390156 0.00216081150754
0.000522211821793 0.000710477404291 0.000752884635831 0.000814048823963 0.000890295011802 0.00104584629934
0.000458631065646 0.000545605832562 0.000588859137109 0.000622350078027 0.000714004536914 0.00092609856405
0.000390728038828 0.000498960972647 0.000556117589615 0.000591590254674 0.000638843027906 0.000744481179959
0.000410979506485 0.000545974698463 0.000562219766751 0.000628886411533 0.000695325683986 0.00083412121091
0.000449591059296 0.000621862691434 0.000661893845193 0.000686505104484 0.000731359203946 0.000823069987252
0.000525194481504 0.000684272488924 0.00071219866977 0.000782044873999 0.000858531722493 0.00101730024725
0.000385867073657 0.000493193082846 0.000513632793355 0.00055848639291 0.00062935073345 0.000760959957319
0.000938110462883 0.000949663227503 0.000952025418415 0.00111600346048 0.00149734765428 0.00230893591647
0.00038156877793 0.000514822158076 0.00051718233705 0.000569734093001 0.000614553627938 0.000732727371956
0.000497370338433 0.000648076008938 0.000670984814928 0.00072816401939 0.000848013779924 0.00108407114629
0.00162136751566 0.00158746952787 0.00171221030997 0.00216833249248 0.0028901025898 0.00424200868547
0.000498525877493 0.000635672741606 0.000689135998581 0.000737846879661 0.000811145909199 0.00103598402804
0.000467059944289 0.000607204464032 0.000636534250915 0.000677745802273 0.000775901446602 0.000946351330824
0.000433716641076 0.000564604126692 0.000587609023124 0.000633876954492 0.000703824314044 0.000791331882721
0.000486858376272 0.000622347779466 0.000658142637833 0.000719613285539 0.000819009434751 0.00106093923712
0.000680196520263 0.00077891987429 0.000793504050069 0.000889873525551 0.00100297136101 0.00124172255029
0.000409404158857 0.000519669600681 0.000543391026486 0.000603691773092 0.000662216323784 0.000787416418423
0.000500710186715 0.000646395231855 0.000671202630503 0.000744780059736 0.000829511034597 0.000967167325448
0.000413038382257 0.000569585239646 0.000587919565016 0.00062247907689 0.000699430182603 0.000834607709629
0.00048483501865 0.000599165716711 0.00066104393587 0.000719643355397 0.000804698512728 0.00100436080064
0.000433943892945 0.000573528419789 0.00060850951456 0.000637892982004 0.000695492316218 0.000784003685546
0.000887861956044 0.0009193440712 0.000927118900243 0.00100299289218 0.00115905624613 0.00148263234481
0.000487669939945 0.000630793620949 0.000641293079399 0.00073495662603 0.000864395707959 0.00112353508509
0.00038492735549 0.000507036539005 0.000524371176372 0.000582130075179 0.000612491145519 0.000706034058879
0.000487994254236 0.000642337429466 0.000679586257966 0.000759794976123 0.000853482297094 0.00106758606004
0.000717162469279 0.000851802562647 0.000909387943499 0.00106525825366 0.00127276509556 0.00177868147127
0.000410769904596 0.000532358159906 0.000560456073722 0.00058146764822 0.000659747297368 0.000784378835071
0.000589598419536 0.000750259766747 0.00076088043572 0.000857853276239 0.00103106234801 0.00124011548124
0.000428506393283 0.000558971849206 0.000572847507714 0.00059801423227 0.000648728542844 0.000723857172522
0.000528934312716 0.000695386997566 0.000752069942272 0.000797585693423 0.000904613813055 0.0010690808224
0.00105434608498 0.00118094930766 0.00121868652643 0.00148786934646 0.00203740256541 0.00337601873659
0.00117511015477 0.00110672713953 0.00108233184541 0.00126423404224 0.00155652748221 0.00228160951524
0.000519571782227 0.000657982241356 0.000714567503181 0.000729682919643 0.000810549456833 0.00095268861414
0.000371868665467 0.000497578655728 0.000506029035515 0.000550483917691 0.000608130533152 0.000688860610203
0.00200793415198 0.00175075453006 0.0018031746963 0.00220547298266 0.00301934306046 0.00479442389162
0.000507611064612 0.000637233874195 0.000686869087218 0.000728954322666 0.000785094514058 0.000867085476913
0.000572925811021 0.000715998039034 0.000767373051782 0.000835533901059 0.000967066988225 0.00120375591383
0.000480286007912 0.000560065203838 0.000598423589447 0.000649430267016 0.000791083997527 0.00100488660936
0.000465964953919 0.00056204803397 0.000612425721733 0.000662870222596 0.000739918408264 0.000960683754365
0.000645498553067 0.000703595771647 0.000721835525164 0.00081122641154 0.000952309232482 0.00128953419007
0.000577506499739 0.000717210330861 0.000794088744679 0.000870200640755 0.000999146989699 0.00122477112824
0.000562758064544 0.000655635236483 0.000670753606395 0.00075965990264 0.00090425793698 0.00122979312549
0.000398402752278 0.000489219082944 0.000507693478816 0.000535720571577 0.000592496236751 0.000677449755224
0.000461088724119 0.000562308759379 0.000604792543332 0.000647267782059 0.000722711118749 0.000844494146954
0.000430238603215 0.000525318255582 0.000575087405929 0.000589961920881 0.000642022180139 0.000748160870283
0.000454647578478 0.000562515178704 0.00059522237272 0.000644840446059 0.000756497569813 0.000904695709152
0.000576343082669 0.000740927538731 0.000771658840939 0.000857746737252 0.000995099457262 0.00117613781174
0.000441141775568 0.000583750890625 0.000597247078804 0.000627768372579 0.000684321141703 0.000761223944653
0.000492166662747 0.000624842553795 0.000638598128684 0.000688918246227 0.000769658297522 0.00086402735901
0.000438229302611 0.000581019627769 0.00060242614118 0.000660816461033 0.000702659538524 0.000783803672242
0.000699457745233 0.000733939930191 0.00078033142696 0.000869037447897 0.00107881399606 0.00143570813664
0.000483168460386 0.000616752651151 0.000607385437617 0.000674625061903 0.000784671262818 0.000939976923804
0.000628367719391 0.000700339111619 0.000722649305281 0.000818868925263 0.00100485650901 0.00134139923572
0.000486754626961 0.000620778298688 0.000618690226836 0.000714378674556 0.000821305928205 0.00110969321329
0.00053150033222 0.000586393014757 0.000607987779065 0.000674392537613 0.000782224546885 0.000916374807399
0.0005113527143 0.000635961656852 0.00064371582015 0.000683970984735 0.000781617931443 0.000944397032902
0.000797314156436 0.000833843728885 0.000902576958349 0.000956759836427 0.00116464476072 0.00156585174483
0.000637020491438 0.000681806406495 0.000712877581525 0.000788714969494 0.000928499491995 0.00120667193828
0.000540740280449 0.000658268121489 0.00065908802272 0.000731454422921 0.000826168072638 0.000975048081604
0.000543971917139 0.000646684058481 0.00069855993974 0.000768196468669 0.000880187053852 0.00101564224803
0.000522412944279 0.00063517726861 0.000674888032913 0.000737117454168 0.0008239569174 0.000924423459164
0.000483718353655 0.000620136233435 0.00064825900099 0.000681111476667 0.000763045000012 0.000845859240655
0.000541582357838 0.000636672622943 0.000658114128916 0.000702948363617 0.000800012180366 0.000944507564954
0.000457854263447 0.000569317049518 0.000583542349543 0.000634390971746 0.000668085328773 0.00076575549252
0.000433894490832 0.000508137464548 0.000536942274906 0.000592097491684 0.000684826629868 0.000855840091658
0.000546485246223 0.000601346925686 0.000636586407809 0.000683859170377 0.000797927223422 0.00100992372685
0.000586813817619 0.000661657260529 0.000707310166346 0.000766568380261 0.00086142450874 0.00105572556254
0.000489005040571 0.000566544262679 0.000608017387078 0.000666604622413 0.00077886061579 0.000934856594881
0.000454878480453 0.000539449733499 0.000574590986041 0.000607109479434 0.000688872796075 0.000799793687762
0.000403428495688 0.000504055753646 0.000515844554817 0.00054296723672 0.000586630352487 0.000671787958449
0.000658305372132 0.000706963379349 0.000747016666186 0.000841405114785 0.00102599398455 0.00138848482593
0.000502656859925 0.000570648805343 0.000596651839159 0.000670038133038 0.000781945717841 0.000972710583373
0.000491292312811 0.000608501633354 0.000631815866032 0.00067844752563 0.000741275396349 0.000887521846199
0.000722374028744 0.000826654516196 0.000888246697495 0.000985059847958 0.00123721619613 0.00170514716953
0.000688176371574 0.000758062764106 0.000771743882734 0.000897395669076 0.00104822448019 0.00140696671883
0.000454980005195 0.000523388507358 0.000535077373028 0.000608043432489 0.000672245891159 0.000754727431162
0.00154247507743 0.00119147552573 0.00123536654298 0.00138212915576 0.00163479978056 0.00226160178485
0.000516963924927 0.000572504293496 0.000602991329903 0.000670920694414 0.000750906428185 0.000921997728967
0.000598945912948 0.000652602700392 0.000693975784336 0.000763349037744 0.000889851727538 0.00109012447141
0.000741732739581 0.000716350960586 0.000765638862783 0.000863441693834 0.00108179313261 0.00144862036517
0.00048767042908 0.000539566486196 0.000558918151719 0.000603237330491 0.000695752527987 0.000798206550204
0.000546636596192 0.000635157279694 0.000705766880168 0.000731949599195 0.000808031211325 0.000927253172206
0.000521788251343 0.000589768087066 0.00064181127847 0.000710183409416 0.000804069719032 0.000986238787001
0.000669145382975 0.000702467185732 0.000726653681475 0.000822009142406 0.000909936748086 0.00115956454525
0.00104118043567 0.0009940276379 0.00105471273983 0.00116417442084 0.00145636366991 0.00196039402306
0.000506570510993 0.000565020468107 0.000599664305689 0.000635252219694 0.000693438215257 0.000790400820047
0.000566585414366 0.000652130911135 0.000694282908597 0.000759528888952 0.000889056194378 0.00107803095948
0.000456899261069 0.000545983572514 0.000568379002749 0.000607233353651 0.000650110362027 0.000733373233616
0.000854405729975 0.00085036283733 0.000928958482009 0.00103780462144 0.00127660461979 0.00183577477715
0.000603576740794 0.000667051749961 0.000699990267699 0.000758787123638 0.000914837733016 0.00115947182451
0.000511275430913 0.000602735925912 0.000643569919452 0.000701755924193 0.000747119941491 0.000885891795452
0.000685882686246 0.000653615656197 0.000698121426191 0.000743789953327 0.000885917009201 0.00111568232555
0.000478756785399 0.000549452306814 0.000548071333625 0.000588713845553 0.000643108980306 0.000702566977272
0.000505344271018 0.000575176255401 0.000592996527321 0.000628429945193 0.000701546503295 0.000831275509828
0.000861181507304 0.000837701634851 0.000921092937356 0.00106736726788 0.001377295475 0.00198109035815
0.000492247882952 0.000590715135991 0.000602013600433 0.000667044441252 0.000736651414553 0.000861563515412
0.000600888015778 0.000647715411167 0.000659397007362 0.000746558541619 0.00084676335455 0.00101152932492
0.000541541521088 0.000517052212421 0.000562127903355 0.000624858049682 0.00070686569222 0.000854916279508
0.000545966188274 0.00059764290045 0.000635295567071 0.000691603939799 0.000817057412059 0.0010496886674
0.00100210804088 0.000915881667148 0.000928830866562 0.00106772801294 0.00128983997334 0.00173021289183
0.000570678711363 0.000612936152474 0.000646999288094 0.000707779364817 0.000818355200713 0.000989794123549
0.000628871888042 0.000685407695236 0.000730776332366 0.000810710645946 0.00092026633895 0.00113331944483
0.000558330153475 0.000646027888026 0.000660780934559 0.000722573216292 0.000763172790476 0.000870814157147
0.000466436407224 0.000525560848738 0.000541281899545 0.000601718110812 0.000651246198414 0.000775101948831
0.000805390823197 0.000818176290536 0.000844244347186 0.000987845770438 0.00115376833267 0.00148413188684
0.00074887531689 0.000741840976854 0.000782041143545 0.000849175704638 0.00104248509016 0.00138353253241
0.000711607649836 0.000705888082227 0.000710942309552 0.000775419455864 0.000878263836373 0.00108083833596
0.000729873271749 0.000720928311836 0.000755012049445 0.000857086392641 0.00103276302404 0.00135625774325
0.000553085210368 0.000574985344933 0.000603244382903 0.000648615885381 0.000752706232352 0.000971297155078
0.00082574442609 0.000809283587654 0.000860305203353 0.001006298469 0.00119185465669 0.00160561830434
0.000705274678538 0.000737233913833 0.000783693827844 0.000852665764788 0.00101344884053 0.00127972456183
0.000568799824066 0.000591711759065 0.000628529199535 0.000708916735624 0.000835113903613 0.00106997776906
0.000577754533669 0.000639770415304 0.000681327306112 0.000732665048588 0.000839488539036 0.000963757073986
0.000503807164668 0.000566694292133 0.000558510423155 0.000599765760121 0.000673194169193 0.000788996617822
0.00076181398756 0.000805024970222 0.000845654562979 0.000966741395241 0.00115780031443 0.00155283942746
0.000709612144977 0.000780346943087 0.000818194557801 0.000901335718511 0.00103678358949 0.00132292483585
0.000765662044791 0.000726795941042 0.000800329184645 0.00089018015674 0.00104717673818 0.00138548243083
0.000614002989156 0.000646817698101 0.000661098942358 0.000720761597755 0.000811164781524 0.00107369065316
0.000953549252113 0.000831968034842 0.00085664599941 0.00093598069476 0.00110685629743 0.00141558541616
0.00117462973598 0.00103718344135 0.00111083118105 0.00123624361145 0.00155054401585 0.00232552986758
0.000562742519079 0.000633889652824 0.000653115532052 0.000692774454187 0.000791718373018 0.000893332466851
0.000511447159496 0.000544658865021 0.000578626177953 0.00062794993327 0.000650747694802 0.000747696115384
0.0007783992948 0.000739508014048 0.000786586705073 0.000842341664656 0.00102369250863 0.00135791702262
0.000563569567732 0.000622922911995 0.000634838889517 0.000689965494125 0.000827472585152 0.000972060760901
0.000539004727085 0.000559717883486 0.000607428414614 0.000652559228286 0.000713718659667 0.000889027587558
0.000761100042363 0.000724039644652 0.000747901732775 0.000818455981177 0.000961780780642 0.00116000600822
0.000525854597236 0.000609017584821 0.000632759378969 0.000650937241429 0.000743551514916 0.000834603246788
0.000739844095678 0.000717511329447 0.00075113384354 0.000852462305313 0.000973320229343 0.00119270329859
0.000558326295268 0.000568063276405 0.000613141329265 0.00064756455634 0.000753095061976 0.00088823292504
0.00061446608586 0.000614174233637 0.00063918895882 0.000698263061348 0.000816136880742 0.00100192402868
0.000664478972204 0.000682579890248 0.000752140852142 0.000813968857835 0.00092522807191 0.00118789067046
0.000974891848752 0.000858913143293 0.000886863141368 0.00100481625713 0.0011918571103 0.00156075102691
0.000611788722314 0.000658589131972 0.00068519987799 0.000699663846914 0.000812601188902 0.000988392591958
0.000610166380306 0.000645785695733 0.000674759360294 0.000725374483719 0.000870015175909 0.00101863321551
0.000652879745237 0.000659878165407 0.00068108709678 0.000753610341974 0.000952638161755 0.00133878479999
0.000603060597507 0.000633574991431 0.000687836573771 0.000746924410257 0.000827581652327 0.000933004914308
0.000646842324604 0.000632675383909 0.000668076156493 0.000745940415129 0.0008572061038 0.00112795254485
0.000626952872218 0.00069122129023 0.000703864748312 0.000754662050149 0.000815676746486 0.000970625680326
0.000982896462014 0.000861522926253 0.000906899578126 0.00107477847374 0.00133429449381 0.00197832215288
0.000566913407674 0.000614556970003 0.000662878230686 0.000708313623368 0.000784078571651 0.00094815877924
0.000509126240743 0.000562500609843 0.000570913651751 0.000588402275678 0.000643305605323 0.000733943171278
0.000525838887415 0.000562185840673 0.000569264828194 0.000623035850823 0.000714528318287 0.000868452691768
0.000516364688171 0.00055432005991 0.00058312679014 0.000611103722089 0.000713437447555 0.000869651244415
0.000574565229233 0.000575110853543 0.000598791461768 0.00065003850973 0.000752348701105 0.000937902572664
0.000549034070551 0.000607111395926 0.000628179294939 0.000694606288228 0.000757543517247 0.00085945563401
0.000660905638177 0.000698356496812 0.000740093455195 0.000809403130449 0.000918681652271 0.00111901104402
0.000658996121943 0.000684422377694 0.000703601177976 0.000795679050214 0.000974209882386 0.00122096164218
0.00076119759526 0.00071852946518 0.000738510369939 0.000847241728942 0.000951251759696 0.00126339084297
0.00051936171847 0.000614598889223 0.000634902199766 0.000676089677447 0.000731372476547 0.000828731951946
0.000459361286886 0.000530775610998 0.000566952103292 0.000564969802687 0.000610953865554 0.000687865189218
0.000461384608767 0.000529182195391 0.000552638040147 0.000593437319472 0.000616748353204 0.000723133340576
0.000608789690577 0.000650047836158 0.000686740492746 0.000723099935296 0.000798013194437 0.000944658073851
0.000513063651457 0.000540368441465 0.000576603447872 0.0006139981472 0.000651765939002 0.000741244580633
0.000852935251541 0.000819522314259 0.000894085224387 0.00100949069167 0.00127593346705 0.00183061770693
0.000524047176026 0.000580830125592 0.00060487412909 0.000654673122632 0.000720434555199 0.000859348893852
0.000588966081904 0.000634897013767 0.000689523042502 0.000736750417805 0.000817131002938 0.000969143640169
0.000481929247386 0.000518363169755 0.000567450822227 0.000586015780826 0.000635850244142 0.000759616782718
0.000722341014202 0.000693640341394 0.000805218767493 0.000867576308634 0.00102651757618 0.00127843866
0.000559656677917 0.000577410866675 0.00062701755424 0.000671173903744 0.00076001194318 0.000991301591852
0.000551667780677 0.000561092834817 0.000619347699101 0.00063781215867 0.000711663150747 0.000827776728698
0.000483106495324 0.000530465429663 0.00053579597048 0.000579253747169 0.000615557944865 0.000708286447279
0.0005994294551 0.000615704299984 0.000655433007039 0.000733700151702 0.000833115828244 0.00100259556105
0.000724891050538 0.000776892363175 0.000792403214959 0.0008582738659 0.0009943843436 0.00128088215243
0.000468203079562 0.000531087592097 0.000547327738463 0.000602814041719 0.000655513015985 0.000761640805351
0.000532047377734 0.000560895046476 0.000600313801247 0.000627184066963 0.000722398663566 0.000877239237866
0.000549999657305 0.000593808157567 0.00061772845186 0.000670218330586 0.000762196653267 0.000925911251343
0.000688637938407 0.000726058305452 0.000758728558856 0.000834449538523 0.000968955075944 0.00123466801146
0.000698778256283 0.000691651859934 0.000698344599786 0.000805566771145 0.000934777942913 0.00119695276308
0.00057565139153 0.000672601461393 0.000693700561268 0.000731542268326 0.000828229842389 0.000973306125589
0.00055139644773 0.000586092137904 0.000595848535504 0.000669336106893 0.000757732194508 0.000866896349063
0.000514931368757 0.000549934892846 0.000600937446549 0.000602774967387 0.000694170435664 0.000807058356475
0.000457801304112 0.000513470621018 0.000533854120898 0.000561962327621 0.000626506373516 0.000737792092228
0.000757040474289 0.000717101062258 0.00076655798802 0.000846505294469 0.00101069561275 0.00124517140555
0.000702103579273 0.000685301278655 0.000747045603735 0.00083706090076 0.000943952139153 0.00112774223957
0.000553542270879 0.000628580832871 0.000633704726839 0.00069025329108 0.000735306424696 0.000889185619115
0.000492643881401 0.000556518719786 0.000561017400875 0.000607734148913 0.000690004682115 0.000816991965449
0.000534066669649 0.000561992376062 0.000594358566747 0.000632849861043 0.000718753552798 0.000868982331826
0.000677086423153 0.000652686727513 0.000698592469964 0.000772818647381 0.00091691581655 0.00117997776632
0.000510496918811 0.000585306500701 0.000610268323944 0.000651345364765 0.000699234675618 0.000777414897794
0.000862063616445 0.000788711234245 0.0008415924679 0.000924263283339 0.00110363531254 0.00140353015033
0.000576810209052 0.000595271299541 0.000634846447143 0.000675036569982 0.000768109587635 0.000934117829734
0.00061109783732 0.000600044245824 0.000662718681504 0.00070930105423 0.000838545731491 0.00105647620104
0.000528123029731 0.000556279918169 0.000580775677389 0.000628839562912 0.000709540906262 0.000831261736798
0.000563681726435 0.000608578490231 0.000648020454544 0.000699740665824 0.000780733658494 0.000891232898657
0.000727124286893 0.000695994654545 0.000744796318552 0.000838243460567 0.0010031954417 0.00128424838445
0.000718820122787 0.000767253789127 0.000759571123084 0.000904625845496 0.00111806138253 0.00149819912447
0.000519813035308 0.000595740857873 0.000608094107445 0.000670873639494 0.000743114168378 0.000902385086652
0.00105625509215 0.000892391866699 0.000937361272132 0.00105741105047 0.00126555173766 0.00183404639984
0.000521990109748 0.000566744942786 0.000602296520918 0.000650352654172 0.000722819009109 0.000797970314603
0.0005718548033 0.00058762045307 0.000660971014593 0.00069838454309 0.000772298578414 0.000946273748138
0.000682814796358 0.000686888398388 0.00073111260645 0.000798543881611 0.000936841260584 0.00120764046027
0.000507014856168 0.000562225639724 0.000589301690448 0.000631541920185 0.000680254642777 0.000793431474872
0.000621296100875 0.000651734446029 0.00068983139518 0.000755895448082 0.000886281911572 0.00107978496188
0.000563961200226 0.000650026660387 0.000679535973084 0.000731998936404 0.000796563845122 0.000950578979458
0.000785555819569 0.000719056600007 0.000755902801439 0.000833757212262 0.000954034001668 0.00114445699499
0.000826070902625 0.000821358850248 0.00085979451452 0.000951920943583 0.00113293907749 0.00141143009179
0.000605046375163 0.000596841387997 0.000660106508094 0.000701058747887 0.000809156701066 0.00102576607618
0.000676348279486 0.000660809000666 0.000702804995403 0.000783394135956 0.000881002123543 0.00118093988529
0.000499632487594 0.000557214065354 0.000585527665279 0.000626403605033 0.000662682793526 0.00079893188303
0.000712817901468 0.000728003609728 0.000759473546889 0.000845631691839 0.000947894549717 0.00119049154994
0.000591406115287 0.000609186490728 0.000661641645278 0.000699210674401 0.00079754187101 0.000979574280564
0.000614043185427 0.000629273033003 0.000704305032265 0.000747554737869 0.000850473789342 0.00108593198071
0.000636398768469 0.000668347852103 0.00067545304449 0.000727843621916 0.000857299966673 0.00103220101785
0.000585685783655 0.000636712655135 0.000705187589736 0.00073009711543 0.000855340297253 0.000995592523432
0.00066881251966 0.000674332317227 0.000716215707419 0.000760218086217 0.000883668156918 0.00107560334002
0.000584691713708 0.000595253708144 0.000642768210221 0.000686673253045 0.000770959772601 0.000947993574317
0.000610084214506 0.000650067414741 0.000680438699176 0.00073222496579 0.00085745629937 0.0010274764386
0.000619308424203 0.000640333913905 0.000685456849528 0.000729071356724 0.00084354757871 0.00108462080291
0.000629042106268 0.000653311663465 0.000693998733322 0.000761625708816 0.000885469422241 0.00110201307585
0.000606280652883 0.000588078986009 0.000642707944712 0.000713366552625 0.000769628636747 0.000919516533191
0.0005748742306 0.000617723934844 0.0006444992897 0.000702016183859 0.000792352799014 0.000952589629921
0.000481951137758 0.000565695482581 0.000577540273506 0.000641863365735 0.00069810908532 0.000790227552408
0.000594201767743 0.000640700847243 0.000699342735883 0.000756400108317 0.000840355723534 0.00100365489052
0.000586678713585 0.00062261204463 0.000665685644917 0.000714527732091 0.000810631380514 0.000980263385875
0.000520181070951 0.000566164686858 0.000585803758497 0.000653063362695 0.00071937676936 0.000881509019822
0.00055020486571 0.000560419209715 0.000605740221417 0.000656714604225 0.000716235150248 0.000874316013011
0.00109652377366 0.000950531048527 0.00100305945642 0.00110092315087 0.0013894601566 0.00195360372862
0.000653220907612 0.000668880421808 0.000705562466153 0.00078883291577 0.000916103489668 0.00114555513519
0.000573133613296 0.000639923290316 0.000666234690969 0.000731952644381 0.000833316945677 0.001010173822
0.000552200463506 0.000636950438962 0.000673145698226 0.000698215288263 0.000752414251194 0.00089028774704
0.000551630554802 0.000599105361611 0.000644924550024 0.000707800683959 0.000791117269771 0.000863065309357
0.000792726041813 0.000742930583706 0.000791420193048 0.000885223679265 0.00105363286904 0.00148288924533
0.000496534266221 0.000525988309887 0.00054680231756 0.0006020229419 0.00067616479066 0.000776941278762
0.000541883479326 0.000598883776834 0.00063406466949 0.000678957801585 0.00075881916624 0.000892433076282
0.000508034442296 0.000578354261336 0.000592515620097 0.000635107251274 0.000706663328724 0.000813107540292
